0.00400	 1.26e+08	 0.15000001	 0.1500	-2.4012	 3.5580	 5.1934	10.773	13.688	12.190	10.124
0.00400	 1.26e+08	 0.20000000	 0.2000	-2.1000	 3.5863	 5.1304	10.020	12.477	11.085	 9.319
0.00400	 1.26e+08	 0.25000000	 0.2500	-1.9065	 3.5989	 5.0841	 9.536	11.820	10.495	 8.869
0.00400	 1.26e+08	 0.30000001	 0.3000	-1.7533	 3.6090	 5.0505	 9.153	11.301	10.031	 8.494
0.00400	 1.26e+08	 0.34999999	 0.3500	-1.6275	 3.6169	 5.0232	 8.839	10.880	 9.654	 8.180
0.00400	 1.26e+08	 0.40000001	 0.4000	-1.4840	 3.6222	 4.9589	 8.480	10.450	 9.253	 7.825
0.00400	 1.26e+08	 0.44999999	 0.4500	-1.3716	 3.6291	 4.9253	 8.199	10.085	 8.922	 7.543
0.00400	 1.26e+08	 0.50000000	 0.5000	-1.2424	 3.6377	 4.8763	 7.876	 9.653	 8.536	 7.215
0.00400	 1.26e+08	 0.60000002	 0.6000	-0.9574	 3.6618	 4.7669	 7.164	 8.650	 7.654	 6.489
0.00400	 1.26e+08	 0.69999999	 0.7000	-0.6590	 3.7013	 4.6932	 6.418	 7.530	 6.689	 5.738
0.00400	 1.26e+08	 0.80000001	 0.8000	-0.3855	 3.7428	 4.6437	 5.734	 6.561	 5.878	 5.088
0.00400	 1.26e+08	 0.89999998	 0.9000	-0.1432	 3.7750	 4.5813	 5.128	 5.785	 5.221	 4.541
0.00400	 1.26e+08	 1.00000000	 1.0000	 0.0800	 3.8019	 4.5115	 4.570	 5.100	 4.637	 4.044
0.00400	 1.26e+08	 1.10000002	 1.1000	 0.2818	 3.8260	 4.4476	 4.065	 4.505	 4.116	 3.606
0.00400	 1.26e+08	 1.20000005	 1.1999	 0.4602	 3.8504	 4.4047	 3.620	 3.989	 3.662	 3.233
0.00400	 1.26e+08	 1.29999995	 1.2999	 0.6200	 3.8809	 4.4014	 3.220	 3.495	 3.244	 2.934
0.00400	 1.26e+08	 1.39999998	 1.3999	 0.7633	 3.9135	 4.4207	 2.862	 3.058	 2.889	 2.723
0.00400	 1.26e+08	 1.50000000	 1.4999	 0.8952	 3.9426	 4.4352	 2.532	 2.706	 2.612	 2.536
0.00400	 1.26e+08	 1.59917939	 1.5990	 1.0152	 3.9688	 4.4478	 2.232	 2.433	 2.391	 2.376
0.00400	 1.26e+08	 1.60000002	 1.5998	 1.0161	 3.9690	 4.4479	 2.230	 2.431	 2.389	 2.375
0.00400	 1.26e+08	 1.70000005	 1.6998	 1.1277	 3.9913	 4.4519	 1.951	 2.206	 2.201	 2.223
0.00400	 1.26e+08	 1.79999995	 1.7998	 1.2290	 4.0097	 4.4489	 1.698	 2.017	 2.034	 2.073
0.00400	 1.26e+08	 1.89999998	 1.8997	 1.3238	 4.0263	 4.4441	 1.461	 1.839	 1.877	 1.932
0.00400	 1.26e+08	 1.91125333	 1.9110	 1.3339	 4.0280	 4.4433	 1.435	 1.820	 1.860	 1.917
0.00400	 1.26e+08	 2.00000000	 1.9997	 1.4126	 4.0410	 4.4364	 1.239	 1.676	 1.729	 1.799
0.00400	 1.26e+08	 2.20000005	 2.1995	 1.5786	 4.0668	 4.4148	 0.824	 1.370	 1.447	 1.530
0.00400	 1.26e+08	 2.40707874	 2.4065	 1.7334	 4.0900	 4.3918	 0.436	 1.097	 1.187	 1.283
0.00400	 1.26e+08	 2.50000000	 2.4993	 1.8002	 4.0996	 4.3800	 0.270	 0.978	 1.075	 1.176
0.00400	 1.26e+08	 2.80307722	 2.8020	 2.0004	 4.1263	 4.3363	-0.231	 0.615	 0.728	 0.846
0.00400	 1.26e+08	 3.00000000	 2.9986	 2.1236	 4.1410	 4.3015	-0.539	 0.382	 0.503	 0.630
0.00400	 1.26e+08	 3.10619974	 3.1047	 2.1860	 4.1482	 4.2827	-0.695	 0.262	 0.388	 0.519
0.00400	 1.26e+08	 3.35192800	 3.3499	 2.3281	 4.1624	 4.2307	-1.050	-0.018	 0.118	 0.256
0.00400	 1.26e+08	 3.50000000	 3.4976	 2.4116	 4.1691	 4.1926	-1.259	-0.192	-0.050	 0.090
0.00400	 1.26e+08	 3.56981397	 3.5672	 2.4492	 4.1721	 4.1755	-1.353	-0.270	-0.126	 0.015
0.00400	 1.26e+08	 3.74462795	 3.7414	 2.5447	 4.1778	 4.1236	-1.592	-0.479	-0.331	-0.187
0.00400	 1.26e+08	 3.89341402	 3.8897	 2.6272	 4.1805	 4.0688	-1.798	-0.671	-0.521	-0.376
0.00400	 1.26e+08	 4.00000000	 3.9958	 2.6883	 4.1805	 4.0192	-1.951	-0.825	-0.674	-0.530
0.00400	 1.26e+08	 4.03160906	 4.0272	 2.7063	 4.1803	 4.0041	-1.996	-0.871	-0.719	-0.576
0.00400	 1.26e+08	 4.14166451	 4.1367	 2.7706	 4.1775	 3.9402	-2.157	-1.049	-0.897	-0.756
0.00400	 1.26e+08	 4.23610401	 4.2305	 2.8274	 4.1724	 3.8724	-2.299	-1.221	-1.070	-0.932
0.00400	 1.26e+08	 4.31702995	 4.3108	 2.8781	 4.1653	 3.8016	-2.425	-1.386	-1.240	-1.105
0.00400	 1.26e+08	 4.38661385	 4.3798	 2.9236	 4.1567	 3.7285	-2.539	-1.548	-1.405	-1.275
0.00400	 1.26e+08	 4.41764736	 4.4105	 2.9450	 4.1526	 3.6937	-2.593	-1.624	-1.483	-1.356
0.00400	 1.26e+08	 4.44645071	 4.4390	 2.9662	 4.1496	 3.6633	-2.646	-1.693	-1.554	-1.429
0.00400	 1.26e+08	 4.46197367	 4.4543	 2.9789	 4.1493	 3.6510	-2.677	-1.727	-1.588	-1.463
0.00400	 1.26e+08	 4.47688437	 4.4691	 2.9937	 4.1529	 3.6523	-2.714	-1.744	-1.603	-1.476
0.00400	 1.26e+08	 4.48596525	 4.4780	 3.0066	 4.1607	 3.6713	-2.747	-1.735	-1.588	-1.457
0.00400	 1.26e+08	 4.49217606	 4.4842	 3.0255	 4.1769	 3.7176	-2.794	-1.695	-1.539	-1.398
0.00400	 1.26e+08	 4.49397945	 4.4860	 3.0434	 4.1903	 3.7535	-2.838	-1.664	-1.504	-1.357
0.00400	 1.26e+08	 4.49499464	 4.4870	 3.0648	 4.2034	 3.7848	-2.892	-1.644	-1.480	-1.324
0.00400	 1.26e+08	 4.49513102	 4.4871	 3.0575	 4.2018	 3.7858	-2.874	-1.634	-1.471	-1.316
0.00400	 1.26e+08	 4.49549913	 4.4875	 3.0215	 4.1852	 3.7553	-2.784	-1.638	-1.479	-1.335
0.00400	 1.26e+08	 4.49585342	 4.4878	 3.0268	 4.1688	 3.6843	-2.797	-1.742	-1.590	-1.454
0.00400	 1.26e+08	 4.49632072	 4.4883	 3.0547	 4.1512	 3.5862	-2.867	-1.907	-1.765	-1.641
0.00400	 1.26e+08	 4.49690151	 4.4888	 3.0768	 4.1315	 3.4853	-2.922	-2.069	-1.934	-1.823
0.00400	 1.26e+08	 4.49762392	 4.4896	 3.0910	 4.1088	 3.3805	-2.957	-2.225	-2.098	-2.003
0.00400	 1.26e+08	 4.49824715	 4.4902	 3.0975	 4.0889	 3.2943	-2.974	-2.344	-2.229	-2.147
0.00400	 1.26e+08	 4.49892664	 4.4908	 3.1009	 4.0660	 3.1996	-2.982	-2.460	-2.357	-2.290
0.00400	 1.26e+08	 4.49942207	 4.4913	 3.1016	 4.0481	 3.1272	-2.984	-2.547	-2.449	-2.392
0.00400	 1.26e+08	 4.49979258	 4.4917	 3.1009	 4.0336	 3.0700	-2.982	-2.611	-2.520	-2.472
0.00400	 1.26e+08	 4.50000000	 4.4919	 3.1000	 4.0248	 3.0356	-2.980	-2.645	-2.562	-2.519
0.00400	 1.26e+08	 4.50031710	 4.4922	 3.0984	 4.0111	 2.9825	-2.976	-2.703	-2.628	-2.598
0.00400	 1.26e+08	 4.50077343	 4.4926	 3.0946	 3.9890	 2.8980	-2.966	-2.786	-2.724	-2.708
0.00400	 1.26e+08	 4.50124693	 4.4931	 3.0884	 3.9633	 2.8015	-2.951	-2.857	-2.817	-2.829
0.00400	 1.26e+08	 4.50170279	 4.4935	 3.0793	 3.9334	 2.6909	-2.928	-2.900	-2.895	-2.950
0.00400	 1.26e+08	 4.50193071	 4.4937	 3.0734	 3.9163	 2.6285	-2.914	-2.903	-2.930	-3.022
0.00400	 1.26e+08	 4.50215864	 4.4940	 3.0662	 3.8975	 2.5605	-2.896	-2.869	-2.938	-3.080
0.00400	 1.26e+08	 4.50238657	 4.4942	 3.0573	 3.8764	 2.4850	-2.873	-2.808	-2.933	-3.147
0.00400	 1.26e+08	 4.50261450	 4.4944	 3.0465	 3.8525	 2.4002	-2.846	-2.696	-2.903	-3.209
0.00400	 1.26e+08	 4.50284195	 4.4946	 3.0331	 3.8251	 2.3040	-2.813	-2.538	-2.842	-3.268
0.00400	 1.26e+08	 4.50306988	 4.4948	 3.0165	 3.7933	 2.1934	-2.771	-2.288	-2.743	-3.337
0.00400	 1.26e+08	 4.50329733	 4.4950	 2.9952	 3.7596	 2.0799	-2.718	-2.043	-2.635	-3.359
0.00400	 1.26e+08	 4.50352478	 4.4953	 2.9669	 3.7370	 2.0180	-2.647	-1.813	-2.508	-3.320
0.00400	 1.26e+08	 4.50387478	 4.4956	 2.9123	 3.7146	 1.9830	-2.511	-1.494	-2.303	-3.204
0.00400	 1.26e+08	 4.50403261	 4.4957	 2.9053	 3.7057	 1.9544	-2.493	-1.400	-2.256	-3.191
0.00400	 1.26e+08	 4.50429487	 4.4960	 2.9545	 3.6940	 1.8584	-2.616	-1.415	-2.334	-3.317
0.00400	 1.26e+08	 4.50446987	 4.4961	 3.0085	 3.6858	 1.7716	-2.751	-1.470	-2.431	-3.450
0.00400	 1.26e+08	 4.50469732	 4.4963	 3.0672	 3.6806	 1.6922	-2.898	-1.563	-2.554	-3.596
0.00400	 1.26e+08	 4.50516987	 4.4968	 3.1257	 3.6758	 1.6144	-3.044	-1.658	-2.677	-3.740
0.00400	 1.26e+08	 4.50583458	 4.4973	 3.1829	 3.6709	 1.5376	-3.187	-1.743	-2.791	-3.879
0.00400	 1.26e+08	 4.50653410	 4.4979	 3.2434	 3.6656	 1.4559	-3.338	-1.830	-2.911	-4.025
0.00400	 1.26e+08	 4.50728559	 4.4984	 3.3030	 3.6609	 1.3776	-3.487	-1.921	-3.031	-4.168
0.00400	 1.26e+08	 4.50915432	 4.4997	 3.3447	 3.6575	 1.3225	-3.592	-1.983	-3.115	-4.268
0.00400	 1.26e+08	 4.53085279	 4.5149	 3.2961	 3.6631	 1.3949	-3.470	-1.929	-3.027	-4.154
0.00400	 1.26e+08	 4.54721975	 4.5272	 3.2436	 3.6681	 1.4689	-3.339	-1.860	-2.927	-4.028
0.00400	 1.26e+08	 4.56103182	 4.5382	 3.1918	 3.6735	 1.5431	-3.209	-1.794	-2.829	-3.904
0.00400	 1.26e+08	 4.57629204	 4.5509	 3.1409	 3.6794	 1.6186	-3.082	-1.732	-2.733	-3.781
0.00400	 1.26e+08	 4.59486055	 4.5667	 3.1132	 3.6882	 1.6832	-3.013	-1.749	-2.704	-3.714
0.00400	 1.26e+08	 4.60835981	 4.5783	 3.1535	 3.7038	 1.7065	-3.114	-1.995	-2.871	-3.817
0.00400	 1.26e+08	 4.61340618	 4.5826	 3.1922	 3.7234	 1.7464	-3.211	-2.263	-3.036	-3.902
0.00400	 1.26e+08	 4.61706829	 4.5857	 3.2146	 3.7446	 1.8094	-3.267	-2.490	-3.152	-3.933
0.00400	 1.26e+08	 4.62012196	 4.5883	 3.2288	 3.7655	 1.8789	-3.302	-2.669	-3.234	-3.932
0.00400	 1.26e+08	 4.62253571	 4.5904	 3.2384	 3.7845	 1.9455	-3.326	-2.806	-3.290	-3.912
0.00400	 1.26e+08	 4.62489748	 4.5925	 3.2469	 3.8025	 2.0092	-3.347	-2.940	-3.342	-3.881
0.00400	 1.26e+08	 4.62722397	 4.5945	 3.2546	 3.8188	 2.0667	-3.366	-3.074	-3.394	-3.840
0.00400	 1.26e+08	 4.62958241	 4.5966	 3.2618	 3.8338	 2.1200	-3.384	-3.176	-3.433	-3.807
0.00400	 1.26e+08	 4.63243961	 4.5991	 3.2700	 3.8507	 2.1796	-3.405	-3.268	-3.465	-3.769
0.00400	 1.26e+08	 4.63519430	 4.6015	 3.2773	 3.8656	 2.2321	-3.423	-3.346	-3.489	-3.735
0.00400	 1.26e+08	 4.63841295	 4.6044	 3.2854	 3.8818	 2.2889	-3.443	-3.407	-3.503	-3.690
0.00400	 1.26e+08	 4.64166164	 4.6073	 3.2928	 3.8966	 2.3411	-3.462	-3.451	-3.510	-3.650
0.00400	 1.26e+08	 4.64525604	 4.6106	 3.3006	 3.9116	 2.3935	-3.482	-3.484	-3.509	-3.609
0.00400	 1.26e+08	 4.64974308	 4.6146	 3.3093	 3.9275	 2.4490	-3.503	-3.495	-3.488	-3.551
0.00400	 1.26e+08	 4.65548325	 4.6198	 3.3186	 3.9423	 2.4993	-3.526	-3.496	-3.465	-3.505
0.00400	 1.26e+08	 4.66293287	 4.6266	 3.3272	 3.9497	 2.5208	-3.548	-3.498	-3.462	-3.490
0.00400	 1.26e+08	 4.67755747	 4.6398	 3.3379	 3.9357	 2.4553	-3.575	-3.555	-3.534	-3.584
0.00400	 1.26e+08	 4.68912458	 4.6502	 3.3455	 3.9189	 2.3817	-3.594	-3.596	-3.605	-3.688
0.00400	 1.26e+08	 4.69755316	 4.6577	 3.3502	 3.9041	 2.3183	-3.606	-3.610	-3.647	-3.765
0.00400	 1.26e+08	 4.70383263	 4.6632	 3.3529	 3.8887	 2.2544	-3.612	-3.591	-3.667	-3.829
0.00400	 1.26e+08	 4.70933628	 4.6680	 3.3542	 3.8704	 2.1804	-3.616	-3.561	-3.682	-3.908
0.00400	 1.26e+08	 4.71290779	 4.6710	 3.3527	 3.8516	 2.1071	-3.612	-3.486	-3.674	-3.972
0.00400	 1.26e+08	 4.71650696	 4.6741	 3.3507	 3.8295	 2.0212	-3.607	-3.387	-3.656	-4.045
0.00400	 1.26e+08	 4.71833658	 4.6756	 3.3472	 3.8100	 1.9468	-3.598	-3.258	-3.613	-4.100
0.00400	 1.26e+08	 4.71980286	 4.6768	 3.3433	 3.7903	 1.8718	-3.588	-3.110	-3.566	-4.158
0.00400	 1.26e+08	 4.72107983	 4.6779	 3.3377	 3.7689	 1.7921	-3.574	-2.965	-3.515	-4.199
0.00400	 1.26e+08	 4.72209787	 4.6787	 3.3288	 3.7478	 1.7164	-3.552	-2.798	-3.447	-4.216
0.00400	 1.26e+08	 4.72304249	 4.6794	 3.3095	 3.7240	 1.6406	-3.504	-2.560	-3.333	-4.197
0.00400	 1.26e+08	 4.72375774	 4.6800	 3.2779	 3.7062	 1.6010	-3.425	-2.323	-3.191	-4.129
0.00400	 1.26e+08	 4.72442913	 4.6805	 3.2348	 3.6899	 1.5790	-3.317	-2.064	-3.016	-4.021
0.00400	 1.26e+08	 4.72474289	 4.6808	 3.2354	 3.6806	 1.5414	-3.319	-1.975	-2.975	-4.019
0.00400	 1.26e+08	 4.72497988	 4.6810	 3.2969	 3.6716	 1.4438	-3.472	-2.028	-3.079	-4.166
0.00400	 1.26e+08	 4.72512817	 4.6811	 3.3520	 3.6655	 1.3645	-3.610	-2.092	-3.180	-4.297
0.00400	 1.26e+08	 4.72605991	 4.6817	 3.4207	 3.6588	 1.2690	-3.782	-2.182	-3.311	-4.460
0.00400	 1.26e+08	 4.72644424	 4.6819	 3.4905	 3.6525	 1.1738	-3.956	-2.277	-3.446	-4.625
0.00400	 1.26e+08	 4.72694683	 4.6821	 3.5515	 3.6476	 1.0934	-4.109	-2.360	-3.560	-4.768
0.00400	 1.26e+08	 4.72768497	 4.6822	 3.6178	 3.6422	 1.0052	-4.275	-2.446	-3.682	-4.923
0.00400	 1.26e+08	 4.72849703	 4.6823	 3.6843	 3.6374	 0.9197	-4.441	-2.538	-3.811	-5.083
0.00400	 1.26e+08	 4.72918987	 4.6821	 3.7433	 3.6325	 0.8411	-4.588	-2.611	-3.919	-5.224
0.00400	 1.26e+08	 4.72973537	 4.6818	 3.7950	 3.6278	 0.7706	-4.717	-2.668	-4.011	-5.346
0.00400	 1.26e+08	 4.73026562	 4.6813	 3.8524	 3.6225	 0.6920	-4.861	-2.723	-4.100	-5.473
0.00400	 1.26e+08	 4.73072243	 4.6807	 3.9086	 3.6174	 0.6151	-5.002	-2.778	-4.185	-5.595
0.00400	 1.26e+08	 4.73110485	 4.6800	 3.9613	 3.6131	 0.5453	-5.133	-2.838	-4.271	-5.710
0.00400	 1.26e+08	 4.73142862	 4.6791	 4.0106	 3.6086	 0.4781	-5.257	-2.888	-4.345	-5.816
0.00400	 1.26e+08	 4.73176718	 4.6780	 4.0677	 3.6037	 0.4013	-5.399	-2.951	-4.433	-5.942
0.00400	 1.26e+08	 4.73217869	 4.6761	 4.1222	 3.6008	 0.3348	-5.536	-3.041	-4.537	-6.075
0.00400	 1.26e+08	 4.73237038	 4.6751	 4.1622	 3.5980	 0.2837	-5.635	-3.102	-4.608	-6.178
0.00400	 1.26e+08	 4.73260546	 4.6734	 4.2145	 3.5938	 0.2144	-5.766	-3.177	-4.697	-6.311
0.00400	 1.26e+08	 4.73275232	 4.6723	 4.1966	 3.5954	 0.2386	-5.722	-3.153	-4.668	-6.266
0.00400	 1.26e+08	 4.73278189	 4.6721	 4.1686	 3.5978	 0.2761	-5.652	-3.114	-4.622	-6.194
0.00400	 1.26e+08	 4.73285532	 4.6716	 4.2069	 3.5946	 0.2250	-5.747	-3.168	-4.685	-6.292
0.00400	 1.26e+08	 4.73292875	 4.6711	 4.2436	 3.5913	 0.1752	-5.839	-3.218	-4.744	-6.385
0.00400	 1.26e+08	 4.73304653	 4.6700	 4.2713	 3.5891	 0.1386	-5.908	-3.259	-4.792	-6.455
0.00400	 1.26e+08	 4.73310614	 4.6694	 4.2822	 3.5882	 0.1237	-5.935	-3.275	-4.809	-6.482
0.00400	 1.26e+08	 4.73318148	 4.6687	 4.2958	 3.5869	 0.1051	-5.969	-3.294	-4.832	-6.516
0.00400	 1.26e+08	 4.73324108	 4.6680	 4.3067	 3.5860	 0.0903	-5.997	-3.310	-4.849	-6.543
0.00400	 1.26e+08	 4.73331642	 4.6672	 4.3203	 3.5847	 0.0717	-6.031	-3.329	-4.872	-6.577
0.00400	 1.26e+08	 4.73339081	 4.6663	 4.3339	 3.5835	 0.0531	-6.065	-3.349	-4.894	-6.610
0.00400	 1.26e+08	 4.73346472	 4.6654	 4.3474	 3.5823	 0.0347	-6.099	-3.369	-4.916	-6.644
0.00400	 1.26e+08	 4.73353815	 4.6644	 4.3610	 3.5811	 0.0162	-6.132	-3.389	-4.938	-6.677
0.00400	 1.26e+08	 4.73361206	 4.6633	 4.3746	 3.5799	-0.0024	-6.166	-3.409	-4.961	-6.711
0.00400	 1.26e+08	 4.73368549	 4.6622	 4.3881	 3.5787	-0.0209	-6.200	-3.430	-4.984	-6.744
0.00400	 1.26e+08	 4.73375893	 4.6611	 4.4017	 3.5774	-0.0395	-6.234	-3.451	-5.006	-6.777
0.00400	 1.26e+08	 4.73383284	 4.6598	 4.4138	 3.5763	-0.0561	-6.264	-3.469	-5.026	-6.806
0.00400	 1.26e+08	 4.73438740	 4.6501	 4.4262	 3.5752	-0.0741	-6.296	-3.488	-5.046	-6.836
0.00400	 1.26e+08	 4.73494577	 4.6398	 4.4360	 3.5743	-0.0884	-6.320	-3.503	-5.063	-6.860
0.00400	 1.26e+08	 4.73550940	 4.6290	 4.4458	 3.5734	-0.1027	-6.344	-3.510	-5.071	-6.883
0.00400	 1.26e+08	 4.73607826	 4.6176	 4.4555	 3.5725	-0.1170	-6.369	-3.513	-5.074	-6.904
0.00400	 1.26e+08	 4.73665428	 4.6057	 4.4652	 3.5716	-0.1314	-6.393	-3.516	-5.078	-6.925
0.00400	 1.26e+08	 4.73738384	 4.5897	 4.4772	 3.5706	-0.1492	-6.423	-3.519	-5.083	-6.951
0.00400	 1.26e+08	 4.73811531	 4.5729	 4.4890	 3.5695	-0.1670	-6.453	-3.522	-5.087	-6.978
0.00400	 1.26e+08	 4.73884916	 4.5551	 4.5009	 3.5684	-0.1848	-6.482	-3.526	-5.091	-7.004
0.00400	 1.26e+08	 4.73958445	 4.5364	 4.5127	 3.5673	-0.2027	-6.512	-3.529	-5.096	-7.029
0.00400	 1.26e+08	 4.74032211	 4.5166	 4.5245	 3.5662	-0.2208	-6.541	-3.532	-5.100	-7.055
0.00400	 1.26e+08	 4.74106169	 4.4957	 4.5363	 3.5652	-0.2388	-6.571	-3.536	-5.104	-7.081
0.00400	 1.26e+08	 4.74180365	 4.4736	 4.5480	 3.5641	-0.2570	-6.600	-3.539	-5.109	-7.107
0.00400	 1.26e+08	 4.74254799	 4.4502	 4.5597	 3.5630	-0.2753	-6.629	-3.542	-5.113	-7.133
0.00400	 1.26e+08	 4.74327183	 4.4264	 4.5710	 3.5620	-0.2931	-6.658	-3.545	-5.117	-7.157
0.00400	 1.26e+08	 4.74396038	 4.4025	 4.5817	 3.5610	-0.3101	-6.684	-3.547	-5.120	-7.181
0.00400	 1.26e+08	 4.74461651	 4.3786	 4.5919	 3.5600	-0.3264	-6.710	-3.550	-5.124	-7.203
0.00400	 1.26e+08	 4.74536610	 4.3500	 4.6033	 3.5590	-0.3450	-6.738	-3.553	-5.128	-7.228
0.00400	 1.26e+08	 4.74607801	 4.3214	 4.6141	 3.5580	-0.3627	-6.765	-3.555	-5.131	-7.252
0.00400	 1.26e+08	 4.74675560	 4.2928	 4.6244	 3.5570	-0.3796	-6.791	-3.557	-5.134	-7.274
0.00400	 1.26e+08	 4.74750805	 4.2595	 4.6356	 3.5560	-0.3984	-6.819	-3.560	-5.138	-7.299
0.00400	 1.26e+08	 4.74822140	 4.2262	 4.6461	 3.5550	-0.4164	-6.845	-3.562	-5.141	-7.322
0.00400	 1.26e+08	 4.74890041	 4.1930	 4.6561	 3.5540	-0.4335	-6.870	-3.564	-5.144	-7.344
0.00400	 1.26e+08	 4.74963808	 4.1549	 4.6667	 3.5530	-0.4521	-6.897	-3.566	-5.147	-7.367
0.00400	 1.26e+08	 4.75033855	 4.1170	 4.6767	 3.5521	-0.4699	-6.922	-3.568	-5.150	-7.389
0.00400	 1.26e+08	 4.75105429	 4.0752	 4.6868	 3.5511	-0.4883	-6.947	-3.569	-5.152	-7.411
0.00400	 1.26e+08	 4.75174522	 4.0046	 4.6958	 3.5502	-0.5086	-6.969	-3.569	-5.153	-7.430
0.00400	 1.26e+08	 4.75199842	 3.9453	 4.6984	 3.5498	-0.5190	-6.976	-3.568	-5.152	-7.435
0.00400	 1.26e+08	 4.75211191	 3.8892	 4.6989	 3.5497	-0.5263	-6.977	-3.565	-5.150	-7.436
0.00400	 1.26e+08	 4.75216675	 3.8339	 4.6985	 3.5496	-0.5325	-6.976	-3.563	-5.147	-7.435
0.00400	 1.26e+08	 4.75219297	 3.7785	 4.6977	 3.5496	-0.5381	-6.974	-3.560	-5.144	-7.433
0.00400	 1.26e+08	 4.75220633	 3.7227	 4.6967	 3.5495	-0.5436	-6.972	-3.557	-5.141	-7.430
0.00400	 1.26e+08	 4.75221205	 3.6662	 4.6955	 3.5495	-0.5491	-6.969	-3.554	-5.138	-7.427
0.00400	 1.26e+08	 4.75221777	 3.6088	 4.6943	 3.5495	-0.5548	-6.966	-3.550	-5.135	-7.424
0.00400	 1.26e+08	 4.75222301	 3.5503	 4.6930	 3.5495	-0.5606	-6.963	-3.547	-5.131	-7.421
0.00400	 1.26e+08	 4.75222874	 3.4909	 4.6917	 3.5495	-0.5667	-6.959	-3.544	-5.128	-7.418
0.00400	 1.26e+08	 4.75223398	 3.4303	 4.6903	 3.5495	-0.5729	-6.956	-3.540	-5.124	-7.414
0.00400	 1.26e+08	 4.75223970	 3.3686	 4.6889	 3.5495	-0.5794	-6.952	-3.536	-5.121	-7.411
0.00400	 1.26e+08	 4.75224543	 3.3056	 4.6874	 3.5495	-0.5862	-6.949	-3.532	-5.117	-7.407
0.00400	 1.26e+08	 4.75225067	 3.2414	 4.6859	 3.5495	-0.5932	-6.945	-3.528	-5.113	-7.403
0.00400	 1.26e+08	 4.75225639	 3.1758	 4.6843	 3.5495	-0.6005	-6.941	-3.524	-5.109	-7.399
0.00400	 1.26e+08	 4.75226164	 3.1087	 4.6826	 3.5495	-0.6081	-6.937	-3.520	-5.104	-7.395
0.00400	 1.26e+08	 4.75226736	 3.0400	 4.6808	 3.5495	-0.6161	-6.932	-3.515	-5.100	-7.390
0.00400	 1.26e+08	 4.75227261	 2.9696	 4.6790	 3.5495	-0.6244	-6.927	-3.510	-5.095	-7.386
0.00400	 1.26e+08	 4.75227833	 2.8974	 4.6770	 3.5495	-0.6332	-6.923	-3.505	-5.090	-7.381
0.00400	 1.26e+08	 4.75228357	 2.8232	 4.6750	 3.5495	-0.6424	-6.917	-3.500	-5.085	-7.376
0.00400	 1.26e+08	 4.75228930	 2.7469	 4.6728	 3.5494	-0.6522	-6.912	-3.494	-5.079	-7.370
0.00400	 1.26e+08	 4.75229454	 2.6682	 4.6705	 3.5494	-0.6625	-6.906	-3.489	-5.073	-7.364
0.00400	 1.26e+08	 4.75230026	 2.5870	 4.6680	 3.5494	-0.6735	-6.900	-3.482	-5.067	-7.358
0.00400	 1.26e+08	 4.75230742	 2.4396	 4.6654	 3.5494	-0.6964	-6.893	-3.475	-5.060	-7.352
