3 10 17 24 31
38 45 52 59 66
73 80 87 94 101
108 115 122 129 136
143 150 157 164 171
178 185 192 199 206
213 220 227 234 241
248 255 262 269 276
283 290 297 304 311
318 325 332 339 346
353 360 367 374 381
388 395 402 409 416
423 430 437 444 451
458 465 472 479 486
493 500 507 514 521
528 535 542 549 556
563 570 577 584 591
598 605 612 619 626
633 640 647 654 661
668 675 682 689 696
703 710 717 724 731
738 745 752 759 766
773 780 787 794 801
808 815 0 0 0
0 0 0 0 1.428571
0.2857143 7.142857 54.42857 105.5714 48
41 28.28571 17.71429 12.85714 5.285714
3.714286 2.285714 2 2.142857 0.8571429
1.857143 2.285714 1.142857 1 1.571429
6 6.714286 28.71429 42.57143 59.42857
74 109.8571 110.7143 94.14286 69.57143
46.42857 47.85714 67.42857 137.1429 166.7143
210.1429 223.4286 195.8571 120.1429 107.2857
97 72 62.57143 85 122.7143
155.1429 161.8571 163.7143 123 89.28571
70.57143 54 44.42857 36.28571 40.71429
47 56.57143 66.28571 83.14286 110.8571
102 87 49 35.14286 35.42857
35.57143 25.57143 27.71429 69.85714 133.2857
227.1429 255.8571 290.4286 269 207.8571
192.2857 150.5714 128.7143 90.71429 63.85714
45.57143 37 38.42857 29.85714 23.57143
18.42857 16.28571 16.28571 25.71429 39.28571
64.14286 104.8571 149 195.8571 437.4286
882.8571 1387.143 1755.714 1796.143 1659.143
1265.429 723.1429 387.7143 243.4286 186.1429
166.8571 169 169.5714 97.42857
