#  Table M87_ima1isof.tab  Wed 13:40:00 09-Jan-2013

# row     SMA     INTENS    INT_ERR   PIX_VAR       RMS  ELLIP ELLIP_ERR      PA
#       pixel                                                            degrees

    1    0.00     20286.      INDEF     INDEF     INDEF  INDEF     INDEF   INDEF
    2    1.00     19780.       23.2      118.      83.5 0.1215    0.0603  -89.39
    3    2.00     18575.       13.1      66.9      47.3 0.1057    0.0137  -75.54
    4    3.00     17080.       16.4      98.4      69.6 0.0906    0.0106  -83.49
    5    4.00     15601.       14.6      101.      71.7 0.0669    0.0087  -86.10
    6    5.00     14403.       10.4      80.4      56.9 0.0589    0.0064   89.49
    7    6.00     13476.       13.6      117.      82.7 0.0424    0.0090  -80.15
    8    7.00     12791.        11.      102.       72. 0.0487    0.0075  -86.87
    9    8.00     12243.       12.8      126.      89.4 0.0554    0.0097  -83.06
   10    9.00     11753.       12.3      129.      91.5 0.0414    0.0093   85.37
   11   10.00     11341.       9.76      109.      76.9 0.0398    0.0068  -78.66
   12   11.00     10929.       11.5      134.      95.1 0.0348    0.0087  -82.98
   13   12.00     10558.       9.65      118.      83.6 0.0170    0.0069  -80.31
   14   13.00     10196.       7.33      93.3       66. 0.0058    0.0046  -76.63
   15   14.00      9861.        6.5      86.2       61. 0.0058    0.0045  -76.63
   16   15.00      9561.        7.4      101.      71.7 0.0033    0.0048  -27.69
   17   16.00      9260.       7.26      103.      72.6 0.0045    0.0046   -3.34
   18   17.00      8989.       6.15      89.6      63.4 0.0084    0.0037   10.87
   19   18.00      8716.       6.62       99.       70. 0.0133    0.0039    0.87
   20   19.00      8439.       6.42       99.       70. 0.0115    0.0038   10.56
   21   20.00      8183.       6.01       95.      67.2 0.0131    0.0034    1.01
   22   21.00      7921.       6.33      102.      72.4 0.0088    0.0034   -3.34
   23   22.00      7682.       5.38      89.1       63. 0.0151    0.0029   -4.35
   24   23.00      7436.       5.48      92.7      65.5 0.0156    0.0030   -7.02
   25   24.00      7198.       5.28      91.4      64.6 0.0147    0.0029   -4.18
   26   25.00      6968.       5.02      88.6      62.7 0.0130    0.0027  -10.93
   27   26.00      6756.       5.27      94.9      67.1 0.0133    0.0028   -5.18
   28   27.00      6556.       5.74      105.      74.4 0.0176    0.0030  -12.60
   29   28.00      6345.       5.93      111.      78.4 0.0137    0.0030  -19.22
   30   29.00      6144.       6.38      121.      85.8 0.0137    0.0034  -18.90
   31   30.00      5962.       5.71      110.       78. 0.0149    0.0031  -22.19
   32   31.00      5779.       5.29      104.      73.4 0.0157    0.0028  -23.55
   33   32.00      5603.       5.07      101.      71.5 0.0158    0.0028  -24.00
   34   33.00      5427.       5.21      106.      74.7 0.0134    0.0030  -25.13
   35   34.00      5272.       5.30      109.      77.1 0.0163    0.0032  -22.21
   36   35.00      5122.       5.89      123.      86.9 0.0174    0.0037  -27.47
   37   36.00      4980.       7.98      169.      119. 0.0174    0.0052  -40.12
   38   37.00      4872.       12.2      260.      184. 0.0228    0.0081  -58.03
   39   38.00      4798.       19.2      416.      294. 0.0383    0.0118  -68.11
   40   39.00      4743.       26.6      579.      410. 0.0566    0.0148  -72.99
   41   40.00      4650.       29.2      643.      455. 0.0668    0.0155  -71.64
   42   41.00      4534.       29.2      650.      459. 0.0698    0.0161  -70.88
   43   42.00      4394.       26.9      608.      430. 0.0653    0.0149  -71.48
   44   43.00      4259.       24.8      567.      401. 0.0605    0.0144  -70.83
   45   44.00      4136.       23.3      540.      382. 0.0560    0.0130  -69.03
   46   45.00      4016.       21.3      498.      352. 0.0546    0.0125  -67.81
   47   46.00      3896.       19.4      459.      325. 0.0498    0.0114  -66.88
   48   47.00      3782.        18.      433.      306. 0.0445    0.0111  -65.46
   49   48.00      3674.       16.4      398.      281. 0.0430    0.0105  -63.75
   50   49.00      3565.       14.6      359.      254. 0.0366    0.0094  -62.53
   51   50.00      3465.       12.9      321.      227. 0.0345    0.0088  -59.07
   52   51.00      3372.       11.2      279.      198. 0.0331    0.0079  -55.45
   53   52.00      3285.       9.54      242.      171. 0.0322    0.0070  -52.54
   54   53.00      3199.       8.38      214.      152. 0.0298    0.0064  -51.81
   55   54.00      3126.       7.93      205.      145. 0.0312    0.0060  -48.51
   56   55.00      3050.       7.37      192.      136. 0.0300    0.0058  -42.92
   57   56.00      2984.       7.56      199.      140. 0.0335    0.0060  -47.76
   58   57.00      2918.       8.42      223.      158. 0.0313    0.0065  -48.94
   59   58.00      2865.       8.51      227.      161. 0.0346    0.0066  -47.68
   60   59.00      2795.       8.29      224.      158. 0.0332    0.0065  -49.86
   61   60.00      2731.       7.52      205.      145. 0.0319    0.0060  -49.98
   62   61.00      2675.       6.84      188.      133. 0.0342    0.0056  -45.98
   63   62.00      2615.       5.92      164.      116. 0.0335    0.0049  -42.65
   64   63.00      2559.       4.84      135.      95.3 0.0343    0.0041  -41.72
   65   64.00      2496.        4.3      121.      85.3 0.0327    0.0038  -39.00
   66   65.00      2444.       3.88      110.      77.6 0.0329    0.0035  -35.27
   67   66.00      2394.       3.46      98.7      69.8 0.0318    0.0031  -32.53
   68   67.00      2350.        3.1       89.       63. 0.0356    0.0029  -30.41
   69   68.00      2305.       2.89      83.6      59.1 0.0393    0.0027  -30.16
   70   69.00      2253.       2.62      76.4       54. 0.0381    0.0025  -31.19
   71   70.00      2208.       2.52       74.      52.3 0.0373    0.0025  -30.42
   72   71.00      2168.       2.17      64.2      45.4 0.0380    0.0022  -32.29
   73   72.00      2125.       2.05      60.9      43.1 0.0371    0.0021  -30.79
   74   73.00      2079.       1.81      54.4      38.4 0.0365    0.0019  -29.88
   75   74.00      2045.       1.67      50.4      35.6 0.0376    0.0017  -29.55
   76   75.00      2003.       1.69      51.4      36.4 0.0358    0.0018  -29.24
   77   76.00      1961.       1.59      48.6      34.4 0.0343    0.0017  -29.41
   78   77.00      1932.        1.6      49.1      34.7 0.0368    0.0018  -28.16
   79   78.00      1899.       1.45       45.      31.8 0.0402    0.0016  -25.04
   80   79.00      1871.       1.37      42.7      30.2 0.0430    0.0016  -27.35
   81   80.00      1834.       1.39      43.6      30.8 0.0412    0.0016  -28.10
   82   81.00      1804.       1.34      42.1      29.8 0.0445    0.0015  -27.51
   83   82.00      1776.        1.4      44.5      31.4 0.0472    0.0017  -28.93
   84   83.00      1747.       1.51      48.2      34.1 0.0449    0.0018  -29.87
   85   84.00      1714.       1.45      46.4      32.8 0.0449    0.0017  -27.10
   86   85.00      1690.        1.5      48.2      34.1 0.0498    0.0018  -25.62
   87   86.00      1663.       1.58      51.3      36.3 0.0481    0.0019  -27.77
   88   87.00      1634.       1.59      51.8      36.7 0.0484    0.0020  -26.60
   89   88.00      1608.       1.49      48.9      34.6 0.0490    0.0019  -24.36
   90   89.00      1579.        1.4       46.      32.6 0.0467    0.0018  -27.29
   91   90.00      1548.        1.3       43.      30.4 0.0447    0.0017  -29.55
   92   91.00      1525.       1.26       42.      29.7 0.0467    0.0017  -29.37
   93   92.00      1501.       1.22      40.8      28.8 0.0482    0.0017  -28.62
   94   93.00      1482.       1.12      37.8      26.7 0.0516    0.0016  -27.44
   95   94.00      1460.       1.18      39.9      28.2 0.0517    0.0017  -29.00
   96   95.00      1437.       1.14      38.9      27.5 0.0498    0.0016  -28.53
   97   96.00      1413.       1.12      38.4      27.2 0.0500    0.0017  -28.24
   98   97.00      1395.       1.14      39.2      27.7 0.0511    0.0017  -28.05
   99   98.00      1374.        1.1      38.1       27. 0.0509    0.0017  -29.04
  100   99.00      1354.       1.11      38.6      27.3 0.0518    0.0017  -29.82
  101  100.00      1331.       1.06      37.1      26.2 0.0480    0.0017  -31.34
  102  101.00      1310.       1.12      39.3      27.8 0.0461    0.0018  -32.70
  103  102.00      1294.       1.12      39.7      28.1 0.0474    0.0018  -30.76
  104  103.00      1277.       1.11      39.3      27.8 0.0492    0.0018  -31.65
  105  104.00      1261.       1.15       41.       29. 0.0513    0.0018  -31.10
  106  105.00      1245.       1.19      42.4       30. 0.0525    0.0020  -29.99
  107  106.00      1221.       1.31      47.2      33.4 0.0459    0.0022  -30.58
  108  107.00      1207.       1.41      50.8      35.9 0.0471    0.0024  -31.25
  109  108.00      1190.       1.37       50.      35.3 0.0457    0.0023  -29.45
  110  109.00      1174.       1.26      46.1      32.6 0.0473    0.0022  -30.08
  111  110.00      1161.       1.18      43.1      30.5 0.0504    0.0020  -32.48
  112  111.00      1147.       1.11      40.9      28.9 0.0529    0.0019  -33.42
  113  112.00      1134.       1.08      40.1      28.3 0.0554    0.0019  -32.43
  114  113.00      1120.       1.08       40.      28.3 0.0554    0.0019  -33.06
  115  114.00      1106.       1.01      37.6      26.6 0.0565    0.0018  -31.52
  116  115.00      1092.       1.01      37.6      26.6 0.0578    0.0018  -31.92
  117  116.00      1081.      0.991      37.2      26.3 0.0598    0.0018  -32.45
  118  117.00      1063.       0.95      35.8      25.3 0.0578    0.0018  -33.13
  119  118.00      1047.      0.942      35.7      25.2 0.0569    0.0018  -32.41
  120  119.00      1036.      0.917      34.9      24.7 0.0601    0.0019  -30.43
  121  120.00      1020.      0.872      33.3      23.6 0.0570    0.0018  -31.64
  122  121.00      1009.      0.917      35.1      24.8 0.0589    0.0018  -31.02
  123  122.00       998.      0.886      34.1      24.1 0.0602    0.0018  -30.61
  124  123.00       987.      0.937      36.2      25.6 0.0614    0.0019  -30.74
  125  124.00       977.       1.02      39.6       28. 0.0627    0.0021  -30.74
  126  125.00       969.       1.08      41.8      29.6 0.0661    0.0022  -29.81
  127  126.00       960.       1.05      40.7      28.8 0.0702    0.0021  -29.62
  128  127.00       948.       1.01      39.6       28. 0.0680    0.0021  -32.10
  129  128.00       933.       1.01      39.9      28.2 0.0625    0.0022  -29.48
  130  129.00       923.       1.02      40.2      28.4 0.0639    0.0022  -30.01
  131  130.00       914.      0.966      38.3      27.1 0.0651    0.0021  -31.59
  132  131.00       904.      0.969      38.6      27.3 0.0644    0.0021  -30.14
  133  132.00       892.      0.888      35.5      25.1 0.0644    0.0019  -31.57
  134  133.00       878.      0.889      35.7      25.3 0.0614    0.0020  -32.33
  135  134.00       871.      0.823      33.2      23.5 0.0639    0.0018  -32.42
  136  135.00       862.      0.838      33.9       24. 0.0633    0.0019  -30.87
  137  136.00       852.      0.823      33.4      23.6 0.0648    0.0019  -30.42
  138  137.00       844.      0.801      32.6       23. 0.0666    0.0018  -30.42
  139  138.00       836.      0.793      32.4      22.9 0.0687    0.0018  -29.72
  140  139.00       825.      0.846      34.7      24.5 0.0664    0.0021  -30.60
  141  140.00       818.       0.93      38.3      27.1 0.0676    0.0023  -29.25
  142  141.00       812.      0.954      39.4      27.8 0.0707    0.0023  -29.25
  143  142.00       807.      0.974      40.3      28.5 0.0746    0.0023  -31.47
  144  143.00       803.      0.984      40.8      28.8 0.0793    0.0024  -32.12
  145  144.00       797.      0.991      41.2      29.1 0.0807    0.0024  -31.21
  146  145.00       785.      0.911       38.      26.9 0.0793    0.0022  -31.79
  147  146.00       773.      0.816      34.2      24.2 0.0745    0.0021  -31.37
  148  147.00       764.      0.827      34.8      24.6 0.0738    0.0021  -32.20
  149  148.00       755.      0.805       34.       24. 0.0738    0.0021  -31.93
  150  149.00       748.      0.758      32.1      22.7 0.0756    0.0020  -31.58
  151  150.00       741.      0.776       33.      23.3 0.0770    0.0021  -30.45
  152  151.00       734.       0.76      32.4      22.9 0.0775    0.0020  -32.18
  153  152.00       724.      0.731      31.3      22.1 0.0730    0.0020  -32.61
  154  153.00       719.      0.795      34.1      24.1 0.0752    0.0022  -32.05
  155  154.00       709.      0.807      34.8      24.6 0.0679    0.0022  -33.07
  156  155.00       703.      0.797      34.5      24.4 0.0701    0.0022  -32.19
  157  156.00       701.      0.818      35.5      25.1 0.0755    0.0023  -33.68
  158  157.00       693.      0.781      33.9       24. 0.0742    0.0022  -32.47
  159  158.00       686.      0.772      33.6      23.8 0.0767    0.0023  -32.47
  160  159.00       677.      0.731       32.      22.6 0.0724    0.0021  -32.81
  161  160.00       668.      0.735      32.3      22.9 0.0676    0.0022  -33.33
  162  161.00       662.      0.758      33.5      23.7 0.0653    0.0023  -32.32
  163  162.00       658.      0.749      33.2      23.4 0.0685    0.0023  -32.26
  164  163.00       653.      0.769      34.1      24.1 0.0707    0.0023  -31.27
  165  164.00       648.      0.736      32.7      23.1 0.0713    0.0022  -31.34
  166  165.00       638.      0.752      33.6      23.7 0.0710    0.0023  -31.34
  167  166.00       636.       0.79      35.3       25. 0.0761    0.0025  -31.34
  168  167.00       633.      0.783      35.1      24.8 0.0789    0.0024  -32.57
  169  168.00       627.       0.71      31.9      22.6 0.0769    0.0021  -32.67
  170  169.00       619.      0.757      34.1      24.1 0.0763    0.0023  -31.85
  171  170.00       616.      0.748      33.8      23.9 0.0788    0.0023  -30.83
  172  171.00       611.      0.737      33.4      23.6 0.0781    0.0023  -31.84
  173  172.00       608.      0.716      32.5       23. 0.0804    0.0022  -32.70
  174  173.00       603.      0.733      33.4      23.6 0.0821    0.0022  -33.14
  175  174.00       599.      0.775      35.4       25. 0.0846    0.0024  -32.72
  176  175.00       594.      0.757      34.6      24.5 0.0847    0.0024  -32.72
  177  176.00       589.      0.742      34.1      24.1 0.0862    0.0024  -33.05
  178  177.00       583.      0.725      33.4      23.6 0.0838    0.0023  -33.05
  179  178.00       578.      0.737      34.1      24.1 0.0823    0.0024  -31.41
  180  179.00       573.       0.76      35.2      24.9 0.0823    0.0025  -33.00
  181  180.00       567.      0.708      32.9      23.2 0.0823    0.0024  -33.00
  182  181.00       562.      0.693      32.3      22.8 0.0823    0.0024  -30.95
  183  182.00       557.       0.68      31.8      22.5 0.0823    0.0023  -30.98
  184  183.00       555.      0.685      32.1      22.7 0.0875    0.0024  -32.20
  185  184.00       547.      0.657      30.9      21.8 0.0802    0.0024  -33.01
  186  185.00       541.      0.659      31.1       22. 0.0802    0.0025  -30.39
  187  186.00       538.      0.656       31.      21.9 0.0830    0.0025  -31.94
  188  187.00       533.      0.665      31.5      22.3 0.0791    0.0025  -34.90
  189  188.00       527.      0.667      31.7      22.4 0.0791    0.0026  -34.90
  190  189.00       523.       0.62      29.5      20.9 0.0791    0.0023  -33.35
  191  190.00       518.      0.655      31.3      22.1 0.0796    0.0027  -33.35
  192  191.00       516.      0.654      31.3      22.1 0.0835    0.0026  -33.15
  193  192.00       514.      0.675      32.4      22.9 0.0844    0.0025  -32.01
  194  193.00       507.      0.668      32.1      22.7 0.0785    0.0026  -32.01
  195  194.00       503.       0.67      32.3      22.9 0.0785    0.0026  -32.01
  196  195.00       500.      0.637      30.8      21.8 0.0816    0.0025  -31.66
  197  196.00       498.      0.676      32.8      23.2 0.0823    0.0027  -32.78
  198  197.00       496.      0.661      32.1      22.7 0.0853    0.0026  -33.09
  199  198.00       490.       0.66      32.2      22.8 0.0826    0.0026  -32.09
  200  199.00       488.      0.639      31.2      22.1 0.0857    0.0026  -30.77
  201  200.00       484.      0.622      30.4      21.5 0.0846    0.0026  -32.81
  202  201.00       479.      0.671       33.      23.3 0.0810    0.0028  -32.46
  203  202.00       477.      0.671       33.      23.3 0.0837    0.0028  -32.46
  204  203.00       474.      0.684      33.7      23.9 0.0837    0.0027  -32.19
  205  204.00       471.      0.696      34.4      24.3 0.0840    0.0029  -32.19
  206  205.00       468.      0.677      33.5      23.7 0.0852    0.0029  -31.34
  207  206.00       462.      0.704       35.      24.7 0.0818    0.0029  -31.34
  208  207.00       460.      0.673      33.5      23.7 0.0836    0.0028  -31.34
  209  208.00       459.      0.687      34.3      24.2 0.0872    0.0028  -29.50
  210  209.00       455.      0.701       35.      24.8 0.0884    0.0031  -29.45
  211  210.00       450.      0.662      33.2      23.5 0.0850    0.0029  -29.45
  212  211.00       449.      0.639      32.1      22.7 0.0870    0.0027  -30.64
  213  212.00       449.      0.637       32.      22.6 0.0918    0.0026  -31.45
  214  213.00       443.      0.594       30.      21.2 0.0918    0.0025  -31.45
  215  214.00       440.      0.596      30.1      21.3 0.0918    0.0026  -31.45
  216  215.00       442.      0.625      31.6      22.3 0.0993    0.0027  -34.39
  217  216.00       436.      0.616      31.2      22.1 0.0993    0.0027  -34.39
  218  217.00       434.      0.578      29.3      20.7 0.1002    0.0025  -34.02
  219  218.00       432.      0.624      31.8      22.5 0.1009    0.0027  -32.79
  220  219.00       433.      0.682      34.7      24.5 0.1076    0.0028  -32.79
  221  220.00       432.      0.731      37.2      26.3 0.1118    0.0031  -32.79
  222  221.00       429.      0.731      37.3      26.4 0.1114    0.0030  -34.39
  223  222.00       424.      0.691      35.4       25. 0.1065    0.0029  -33.71
  224  223.00       419.      0.666      34.2      24.2 0.1032    0.0030  -34.37
  225  224.00       415.      0.675      34.8      24.6 0.1032    0.0030  -34.37
  226  225.00       413.       0.64       33.      23.3 0.1047    0.0029  -33.75
  227  226.00       410.       0.62      32.1      22.7 0.1036    0.0028  -34.66
  228  227.00       406.      0.589      30.6      21.6 0.1004    0.0027  -34.66
  229  228.00       404.      0.603      31.3      22.2 0.1013    0.0028  -34.66
  230  229.00       400.      0.595       31.      21.9 0.1013    0.0029  -34.66
  231  230.00       398.      0.578      30.2      21.4 0.1013    0.0028  -34.66
  232  231.00       394.      0.567      29.7       21. 0.1010    0.0027  -34.58
  233  232.00       393.      0.566      29.7       21. 0.1054    0.0027  -33.57
  234  233.00       390.      0.581      30.5      21.6 0.1028    0.0029  -33.57
  235  234.00       388.      0.574      30.2      21.4 0.1028    0.0028  -33.57
  236  235.00       388.      0.581      30.6      21.6 0.1090    0.0028  -32.22
  237  236.00       383.      0.575      30.4      21.5 0.1041    0.0028  -31.22
  238  237.00       382.      0.556      29.4      20.8 0.1041    0.0026  -32.73
  239  238.00       379.      0.607      32.2      22.8 0.1041    0.0029  -32.73
  240  239.00       377.      0.617      32.8      23.2 0.1060    0.0030  -33.72
  241  240.00       375.      0.609      32.4      22.9 0.1065    0.0030  -33.72
  242  241.00       373.      0.606      32.4      22.9 0.1065    0.0031  -33.72
  243  242.00       369.       0.58       31.      21.9 0.1065    0.0031  -33.72
  244  243.00       368.      0.569      30.5      21.5 0.1088    0.0029  -33.43
  245  244.00       364.      0.539       29.      20.5 0.1028    0.0027  -33.78
  246  245.00       361.      0.536      28.9      20.4 0.1028    0.0028  -33.78
  247  246.00       361.      0.524      28.3       20. 0.1062    0.0026  -33.78
  248  247.00       360.      0.538      29.1      20.6 0.1062    0.0028  -33.78
  249  248.00       356.      0.542      29.4      20.8 0.1062    0.0029  -35.18
  250  249.00       354.      0.546      29.6       21. 0.1062    0.0029  -34.23
  251  250.00       353.       0.56      30.4      21.5 0.1098    0.0029  -34.23
  252  251.00       349.      0.562      30.7      21.7 0.1017    0.0029  -34.23
  253  252.00       348.      0.544      29.7       21. 0.1052    0.0027  -34.23
  254  253.00       343.      0.594      32.5       23. 0.0991    0.0031  -33.70
  255  254.00       338.      0.638      35.1      24.8 0.0937    0.0035  -32.41
  256  255.00       339.      0.642      35.3       25. 0.0976    0.0034  -34.08
  257  256.00       337.      0.645      35.6      25.2 0.0975    0.0035  -34.08
  258  257.00       337.      0.636      35.1      24.8 0.1032    0.0033  -32.85
  259  258.00       335.       0.62      34.3      24.2 0.1032    0.0031  -32.85
  260  259.00       334.      0.608      33.7      23.8 0.1032    0.0031  -34.82
  261  260.00       331.      0.562      31.2       22. 0.1048    0.0029  -34.03
  262  261.00       329.      0.555      30.8      21.8 0.1048    0.0029  -31.90
  263  262.00       326.       0.56      31.2       22. 0.1048    0.0031  -31.90
  264  263.00       325.       0.55      30.7      21.7 0.1048    0.0030  -32.83
  265  264.00       323.      0.576      32.2      22.7 0.1067    0.0032  -31.98
  266  265.00       322.      0.607       34.       24. 0.1067    0.0033  -30.78
  267  266.00       322.      0.609      34.1      24.1 0.1127    0.0034  -31.48
  268  267.00       319.      0.586      32.9      23.3 0.1082    0.0032  -31.82
  269  268.00       319.      0.618      34.7      24.5 0.1144    0.0033  -33.19
  270  269.00       314.      0.587      33.1      23.4 0.1080    0.0032  -33.19
  271  270.00       313.      0.589      33.2      23.5 0.1112    0.0032  -34.04
  272  271.00       311.      0.542      30.6      21.7 0.1112    0.0029  -34.04
  273  272.00       310.      0.554      31.4      22.2 0.1112    0.0031  -35.65
  274  273.00       310.      0.567      32.1      22.7 0.1162    0.0029  -35.71
  275  274.00       308.      0.551      31.3      22.1 0.1162    0.0031  -34.05
  276  275.00       304.      0.539      30.7      21.7 0.1096    0.0031  -34.05
  277  276.00       305.      0.542      30.9      21.8 0.1179    0.0030  -34.67
  278  277.00       301.      0.526       30.      21.2 0.1132    0.0030  -31.97
  279  278.00       298.      0.532      30.4      21.5 0.1132    0.0032  -33.75
  280  279.00       298.      0.519      29.7       21. 0.1154    0.0031  -34.54
  281  280.00       296.      0.501      28.8      20.3 0.1154    0.0030  -34.54
  282  281.00       295.      0.494      28.4      20.1 0.1156    0.0030  -34.54
  283  282.00       293.      0.535      30.8      21.8 0.1156    0.0032  -34.54
  284  283.00       292.      0.498      28.8      20.3 0.1156    0.0030  -34.54
  285  284.00       289.      0.522      30.2      21.3 0.1156    0.0032  -34.07
  286  285.00       288.      0.504      29.2      20.6 0.1156    0.0030  -34.07
  287  286.00       287.      0.521      30.2      21.4 0.1156    0.0032  -31.48
  288  287.00       284.      0.511      29.7       21. 0.1156    0.0031  -31.82
  289  288.00       283.       0.53      30.8      21.8 0.1156    0.0033  -32.99
  290  289.00       282.       0.51      29.7       21. 0.1156    0.0032  -35.60
  291  290.00       280.      0.516      30.1      21.3 0.1192    0.0032  -34.80
  292  291.00       279.      0.501      29.3      20.7 0.1192    0.0030  -34.80
  293  292.00       278.      0.507      29.7       21. 0.1192    0.0031  -34.80
  294  293.00       275.      0.498      29.2      20.7 0.1192    0.0031  -33.36
  295  294.00       275.      0.496      29.1      20.6 0.1192    0.0030  -32.15
  296  295.00       270.      0.488      28.8      20.3 0.1124    0.0031  -32.15
  297  296.00       272.      0.489      28.8      20.4 0.1213    0.0030  -32.71
  298  297.00       270.      0.476      28.1      19.9 0.1213    0.0031  -32.71
  299  298.00       269.      0.465      27.5      19.4 0.1213    0.0029  -34.74
  300  299.00       267.      0.487      28.8      20.4 0.1213    0.0032  -34.74
  301  300.00       265.      0.476      28.2       20. 0.1213    0.0030  -34.74
  302  301.00       263.      0.482      28.7      20.3 0.1156    0.0030  -33.14
  303  302.00       261.      0.483      28.8      20.3 0.1183    0.0033  -33.14
  304  303.00       261.      0.493      29.4      20.8 0.1202    0.0030  -33.14
  305  304.00       262.      0.483      28.7      20.3 0.1297    0.0030  -33.14
  306  305.00       261.      0.495      29.5      20.9 0.1297    0.0031  -33.14
  307  306.00       260.       0.53      31.6      22.4 0.1297    0.0032  -34.04
  308  307.00       261.      0.656      39.2      27.7 0.1360    0.0042  -34.04
  309  308.00       258.      0.618      36.9      26.1 0.1360    0.0039  -34.04
  310  309.00       257.      0.658      39.4      27.9 0.1338    0.0041  -35.71
  311  310.00       254.      0.561      33.7      23.9 0.1253    0.0036  -35.71
  312  311.00       253.      0.544      32.8      23.2 0.1253    0.0037  -35.71
  313  312.00       252.      0.522      31.5      22.3 0.1284    0.0036  -35.39
  314  313.00       250.       0.51      30.8      21.8 0.1275    0.0036  -35.06
  315  314.00       248.      0.488      29.5      20.9 0.1275    0.0036  -35.06
  316  315.00       246.       0.48      29.1      20.6 0.1266    0.0036  -35.06
  317  316.00       244.      0.471      28.6      20.2 0.1266    0.0034  -35.06
  318  317.00       244.      0.477      29.1      20.5 0.1266    0.0035  -32.44
  319  318.00       241.      0.461      28.1      19.9 0.1206    0.0034  -33.00
  320  319.00       241.      0.465      28.4      20.1 0.1259    0.0033  -33.24
  321  320.00       240.      0.448      27.4      19.4 0.1259    0.0033  -33.24
  322  321.00       239.      0.476      29.2      20.6 0.1259    0.0034  -33.24
  323  322.00       238.      0.454      27.8      19.7 0.1259    0.0031  -33.24
  324  323.00       236.      0.458      28.1      19.9 0.1259    0.0033  -32.71
  325  324.00       236.      0.469      28.9      20.4 0.1288    0.0032  -32.71
  326  325.00       234.      0.457      28.2      19.9 0.1288    0.0034  -32.71
  327  326.00       234.      0.443      27.3      19.3 0.1322    0.0032  -31.89
  328  327.00       231.      0.441      27.3      19.3 0.1262    0.0033  -32.98
  329  328.00       232.      0.456      28.2      19.9 0.1343    0.0034  -34.01
  330  329.00       227.      0.462      28.7      20.3 0.1237    0.0034  -34.01
  331  330.00       228.      0.457      28.4      20.1 0.1269    0.0033  -32.85
  332  331.00       228.      0.458      28.4      20.1 0.1346    0.0034  -32.85
  333  332.00       223.       0.47      29.3      20.7 0.1227    0.0035  -32.85
  334  333.00       224.      0.442      27.6      19.5 0.1246    0.0034  -29.90
  335  334.00       223.      0.447      27.9      19.7 0.1273    0.0036  -30.58
  336  335.00       224.      0.462      28.8      20.4 0.1347    0.0035  -30.58
  337  336.00       221.       0.49      30.6      21.7 0.1313    0.0040  -30.58
  338  337.00       222.      0.598      37.5      26.5 0.1320    0.0052  -28.50
  339  338.00       223.      0.741      46.4      32.8 0.1378    0.0057  -28.50
  340  339.00       224.      0.742      46.5      32.8 0.1459    0.0051  -30.65
  341  340.00       223.      0.727      45.5      32.2 0.1466    0.0052  -29.41
  342  341.00       222.      0.666      41.8      29.5 0.1466    0.0052  -29.41
  343  342.00       219.       0.58      36.4      25.8 0.1466    0.0050  -29.41
  344  343.00       219.      0.609      38.3      27.1 0.1466    0.0049  -31.34
  345  344.00       217.       0.56      35.4       25. 0.1350    0.0045  -29.15
  346  345.00       215.      0.554      35.1      24.8 0.1350    0.0050  -31.35
  347  346.00       217.      0.543      34.3      24.3 0.1468    0.0049  -31.35
  348  347.00       215.       0.53      33.6      23.8 0.1401    0.0042  -31.35
  349  348.00       212.      0.513      32.6       23. 0.1401    0.0041  -31.35
  350  349.00       211.      0.491      31.2      22.1 0.1401    0.0039  -31.35
  351  350.00       210.      0.483      30.8      21.8 0.1401    0.0038  -32.50
  352  351.00       208.      0.455       29.      20.5 0.1401    0.0034  -32.50
  353  352.00       207.      0.447      28.6      20.2 0.1401    0.0034  -34.40
  354  353.00       206.       0.48      30.7      21.7 0.1401    0.0038  -34.40
  355  354.00       206.      0.505      32.4      22.9 0.1378    0.0037  -31.69
  356  355.00       207.      0.515       33.      23.3 0.1425    0.0038  -31.79
  357  356.00       206.       0.53       34.       24. 0.1462    0.0038  -31.28
  358  357.00       205.      0.515       33.      23.4 0.1462    0.0038  -31.28
  359  358.00       202.      0.476      30.7      21.7 0.1404    0.0037  -30.24
  360  359.00       201.      0.452      29.2      20.6 0.1404    0.0037  -32.12
  361  360.00       199.      0.443      28.6      20.3 0.1404    0.0036  -32.12
  362  361.00       197.      0.435      28.2      19.9 0.1364    0.0035  -32.12
  363  362.00       196.      0.428      27.7      19.6 0.1364    0.0036  -32.12
  364  363.00       196.      0.448      29.1      20.6 0.1364    0.0037  -32.12
  365  364.00       195.      0.436      28.3       20. 0.1364    0.0037  -32.12
  366  365.00       197.      0.461      29.9      21.1 0.1493    0.0039  -29.31
  367  366.00       196.      0.473      30.7      21.7 0.1493    0.0041  -29.31
  368  367.00       196.      0.494      32.1      22.7 0.1493    0.0042  -29.31
  369  368.00       196.      0.613      39.9      28.2 0.1493    0.0051  -29.31
  370  369.00       197.      0.954      62.2       44. 0.1493    0.0094  -22.86
  371  370.00       195.      0.718      46.9      33.2 0.1493    0.0078  -22.89
  372  371.00       193.      0.558      36.5      25.8 0.1493    0.0063  -22.89
  373  372.00       193.      0.511      33.4      23.6 0.1493    0.0053  -22.89
  374  373.00       190.      0.479      31.4      22.2 0.1493    0.0053  -22.89
  375  374.00       190.      0.656       43.      30.4 0.1493    0.0069  -26.60
  376  375.00       188.      0.537      35.3       25. 0.1493    0.0063  -26.60
  377  376.00       188.      0.499      32.8      23.2 0.1493    0.0060  -26.60
  378  377.00       187.      0.489      32.2      22.8 0.1493    0.0054  -26.60
  379  378.00       187.      0.485       32.      22.6 0.1493    0.0053  -26.60
  380  379.00       186.      0.593      39.2      27.7 0.1493    0.0068  -26.60
  381  380.00       181.       0.52      34.6      24.5 0.1283    0.0052  -28.18
  382  381.00       180.      0.548      36.5      25.8 0.1283    0.0051  -26.38
  383  382.00       180.      0.539       36.      25.5 0.1283    0.0047  -26.38
  384  383.00       178.      0.683      45.7      32.3 0.1228    0.0059  -23.44
  385  384.00       178.      0.759      50.9       36. 0.1228    0.0063  -23.44
  386  385.00       182.       1.63      110.      77.5 0.1228    0.0111  -11.44
  387  386.00       179.       1.45      97.3      68.8 0.1228    0.0109  -11.44
  388  387.00       177.       1.29      86.7      61.3 0.1228    0.0099  -11.44
  389  388.00       177.        1.3      87.6       62. 0.1228    0.0101  -13.35
  390  389.00       179.       1.36      91.3      64.6 0.1305    0.0099  -13.35
  391  390.00       178.       1.48      100.      70.8 0.1259    0.0106  -15.43
  392  391.00       176.       1.34      90.8      64.2 0.1259    0.0102  -15.43
  393  392.00       174.       1.19      80.7      57.1 0.1259    0.0087  -15.43
  394  393.00       174.      0.972      65.8      46.5 0.1306    0.0072  -14.27
  395  394.00       173.       1.11      75.5      53.4 0.1306    0.0085  -15.17
  396  395.00       172.      0.889      60.3      42.6 0.1306    0.0069  -15.39
  397  396.00       171.      0.803      54.5      38.6 0.1306    0.0060  -15.39
  398  397.00       173.       1.19      80.6       57. 0.1383    0.0090  -15.39
  399  398.00       171.      0.942       64.      45.3 0.1383    0.0070  -15.39
  400  399.00       171.       1.15      78.4      55.5 0.1383    0.0092  -18.12
  401  400.00       166.       0.76       52.      36.7 0.1259    0.0065  -18.12
  402  401.00       170.       1.15      78.7      55.6 0.1389    0.0090  -19.95
  403  402.00       169.       1.03      70.1      49.5 0.1389    0.0078  -19.95
  404  403.00       168.      0.951       65.       46. 0.1389    0.0076  -20.26
  405  404.00       167.         1.      68.4      48.4 0.1389    0.0080  -20.37
  406  405.00       167.      0.979      67.1      47.4 0.1389    0.0077  -21.17
  407  406.00       164.      0.905      62.1      43.9 0.1389    0.0076  -21.17
  408  407.00       163.      0.822      56.5       40. 0.1389    0.0067  -21.17
  409  408.00       162.      0.757      52.1      36.8 0.1389    0.0063  -21.17
  410  409.00       161.      0.716      49.3      34.9 0.1389    0.0063  -21.17
  411  410.00       160.      0.659      45.5      32.2 0.1389    0.0060  -21.17
  412  411.00       165.       0.94      64.7      45.7 0.1519    0.0072  -20.78
  413  412.00       161.      0.703      48.4      34.2 0.1519    0.0063  -20.78
  414  413.00       161.      0.738      50.9       36. 0.1519    0.0063  -20.78
  415  414.00       161.      0.863      59.6      42.1 0.1519    0.0069  -20.78
  416  415.00       160.      0.846      58.5      41.3 0.1519    0.0073  -20.78
  417  416.00       158.      0.668      46.2      32.7 0.1519    0.0061  -20.78
  418  417.00       157.       0.64      44.3      31.4 0.1519    0.0058  -20.78
  419  418.00       156.      0.585      40.6      28.7 0.1519    0.0053  -20.78
  420  419.00       155.      0.614      42.6      30.2 0.1519    0.0060  -21.32
  421  420.00       153.      0.565      39.4      27.8 0.1412    0.0059  -22.34
  422  421.00       153.      0.584      40.8      28.8 0.1412    0.0055  -24.38
  423  422.00       153.      0.563      39.4      27.9 0.1412    0.0054  -24.38
  424  423.00       156.      0.712      49.6      35.1 0.1568    0.0062  -24.68
  425  424.00       153.      0.539      37.6      26.6 0.1568    0.0050  -21.44
  426  425.00       153.       0.58      40.5      28.7 0.1560    0.0054  -23.44
  427  426.00       152.      0.549      38.4      27.1 0.1560    0.0053  -23.44
  428  427.00       151.      0.538      37.7      26.6 0.1560    0.0053  -23.44
  429  428.00       149.      0.515      36.2      25.6 0.1416    0.0050  -24.90
  430  429.00       147.      0.522      36.8       26. 0.1416    0.0056  -24.90
  431  430.00       147.      0.547      38.6      27.3 0.1416    0.0060  -27.42
  432  431.00       148.      0.581       41.       29. 0.1504    0.0056  -26.16
  433  432.00       146.      0.521      36.8       26. 0.1504    0.0057  -26.16
  434  433.00       147.      0.524       37.      26.1 0.1504    0.0052  -26.16
  435  434.00       145.      0.516      36.5      25.8 0.1495    0.0061  -27.74
  436  435.00       143.      0.443      31.4      22.2 0.1402    0.0067  -27.74
  437  436.00       144.      0.503      35.7      25.2 0.1485    0.0085  -28.74
  438  437.00       143.      0.496      35.2      24.9 0.1485    0.0059  -29.24
  439  438.00       143.      0.478       34.       24. 0.1485    0.0077  -28.39
  440  439.00       141.      0.447      31.8      22.5 0.1485    0.0070  -25.62
  441  440.00       141.      0.442      31.5      22.3 0.1485    0.0055  -28.46