# row       RSMA     MAG MAG_LERR MAG_UERR      TFLUX_E      TFLUX_C  TMAG_E
#     pixel**1/4                                                            

    1    0.00000   -10.8    INDEF    INDEF        INDEF        INDEF   INDEF
    2    1.00000   -10.7  0.00127  0.00127       20286.       99305.   -10.8
    3    1.18921   -10.7  7.67E-4  7.66E-4      176443.      250018.   -13.1
    4    1.31607   -10.6  0.00104  0.00104      428902.      530737.   -14.1
    5    1.41421   -10.5  0.00102  0.00102      791276.      853425.   -14.7
    6    1.49535   -10.4  7.82E-4  7.83E-4     1154755.     1325816.   -15.2
    7    1.56508   -10.3   0.0011  0.00109     1685652.     1766084.   -15.6
    8    1.62658   -10.3  9.32E-4  9.31E-4     2185574.     2236677.   -15.8
    9    1.68179   -10.2  0.00113  0.00113     2686447.     2833017.   -16.1
   10    1.73205   -10.2  0.00114  0.00114     3383955.     3500697.   -16.3
   11    1.77828   -10.1  9.35E-4  9.34E-4     4008202.     4233215.   -16.5
   12    1.82116   -10.1  0.00115  0.00114     4765478.     4896619.   -16.7
   13    1.86121   -10.1  9.93E-4  9.92E-4     5541032.     5583350.   -16.9
   14    1.89883    -10.  7.80E-4  7.81E-4     6373490.     6495490.    -17.
   15    1.93434   -9.98  7.15E-4  7.16E-4     7279394.     7338422.   -17.2
   16    1.96799   -9.95  8.40E-4  8.39E-4     8154025.     8268501.   -17.3
   17    2.00000   -9.92  8.52E-4  8.52E-4     9059866.     9096915.   -17.4
   18    2.03054   -9.88  7.44E-4  7.43E-4     9902596.     1.0046E7   -17.5
   19    2.05977   -9.85  8.25E-4  8.24E-4     1.0931E7     1.1001E7   -17.6
   20    2.08780   -9.82  8.27E-4  8.25E-4     1.1927E7     1.2028E7   -17.7
   21    2.11474   -9.78  7.98E-4  7.96E-4     1.2942E7     1.3089E7   -17.8
   22    2.14070   -9.75  8.68E-4  8.66E-4     1.3957E7     1.4021E7   -17.9
   23    2.16574   -9.71  7.61E-4  7.60E-4     1.4912E7     1.5141E7   -17.9
   24    2.18994   -9.68  8.00E-4  8.00E-4     1.6031E7     1.6165E7    -18.
   25    2.21336   -9.64  7.96E-4  7.95E-4     1.7056E7     1.7185E7   -18.1
   26    2.23607   -9.61  7.82E-4  7.82E-4     1.8163E7     1.8371E7   -18.1
   27    2.25810   -9.57  8.47E-4  8.47E-4     1.9248E7     1.9463E7   -18.2
   28    2.27951   -9.54  9.51E-4  9.50E-4     2.0261E7     2.0574E7   -18.3
   29    2.30033   -9.51  0.00102  0.00101     2.1449E7     2.1626E7   -18.3
   30    2.32060   -9.47  0.00113  0.00113     2.2536E7     2.2720E7   -18.4
   31    2.34035   -9.44  0.00104  0.00104     2.3651E7     2.3876E7   -18.4
   32    2.35961    -9.4  9.93E-4  9.93E-4     2.4743E7     2.4927E7   -18.5
   33    2.37841   -9.37  9.82E-4  9.81E-4     2.5858E7     2.6102E7   -18.5
   34    2.39678   -9.34  0.00104  0.00104     2.6984E7     2.7201E7   -18.6
   35    2.41474    -9.3  0.00109  0.00109     2.8034E7     2.8348E7   -18.6
   36    2.43230   -9.27  0.00125  0.00125     2.9146E7     2.9521E7   -18.7
   37    2.44949   -9.24  0.00174  0.00174     3.0257E7     3.0525E7   -18.7
   38    2.46633   -9.22  0.00272  0.00271     3.1284E7     3.1697E7   -18.7
   39    2.48282    -9.2  0.00436  0.00435     3.2008E7     3.2745E7   -18.8
   40    2.49900   -9.19  0.00611  0.00607     3.2686E7     3.3969E7   -18.8
   41    2.51487   -9.17  0.00684   0.0068     3.3598E7     3.5093E7   -18.8
   42    2.53044   -9.14  0.00701  0.00696     3.4654E7     3.6141E7   -18.8
   43    2.54573   -9.11  0.00667  0.00663     3.5780E7     3.7274E7   -18.9
   44    2.56075   -9.07  0.00634  0.00631     3.6991E7     3.8375E7   -18.9
   45    2.57551   -9.04  0.00614   0.0061     3.8182E7     3.9542E7    -19.
   46    2.59002   -9.01  0.00576  0.00573     3.9281E7     4.0660E7    -19.
   47    2.60429   -8.98  0.00541  0.00539     4.0510E7     4.1674E7    -19.
   48    2.61833   -8.94  0.00519  0.00516     4.1707E7     4.2778E7   -19.1
   49    2.63215   -8.91  0.00486  0.00484     4.2829E7     4.3839E7   -19.1
   50    2.64575   -8.88  0.00446  0.00444     4.4040E7     4.4941E7   -19.1
   51    2.65915   -8.85  0.00406  0.00404     4.5142E7     4.6040E7   -19.1
   52    2.67235   -8.82   0.0036  0.00358     4.6217E7     4.7138E7   -19.2
   53    2.68535   -8.79  0.00316  0.00315     4.7300E7     4.8194E7   -19.2
   54    2.69817   -8.76  0.00285  0.00284     4.8390E7     4.9185E7   -19.2
   55    2.71081   -8.74  0.00276  0.00275     4.9389E7     5.0228E7   -19.2
   56    2.72327   -8.71  0.00263  0.00262     5.0452E7     5.1233E7   -19.3
   57    2.73556   -8.69  0.00275  0.00275     5.1380E7     5.2321E7   -19.3
   58    2.74770   -8.66  0.00314  0.00313     5.2435E7     5.3317E7   -19.3
   59    2.75967   -8.64  0.00323  0.00322     5.3356E7     5.4359E7   -19.3
   60    2.77149   -8.62  0.00323  0.00322     5.4404E7     5.5345E7   -19.3
   61    2.78316   -8.59  0.00299  0.00299     5.5436E7     5.6361E7   -19.4
   62    2.79468   -8.57  0.00278  0.00277     5.6346E7     5.7399E7   -19.4
   63    2.80607   -8.54  0.00246  0.00245     5.7372E7     5.8380E7   -19.4
   64    2.81731   -8.52  0.00206  0.00205     5.8319E7     5.9370E7   -19.4
   65    2.82843   -8.49  0.00187  0.00187     5.9370E7     6.0357E7   -19.4
   66    2.83941   -8.47  0.00173  0.00172     6.0323E7     6.1371E7   -19.5
   67    2.85027   -8.45  0.00157  0.00157     6.1347E7     6.2315E7   -19.5
   68    2.86101   -8.43  0.00143  0.00143     6.2178E7     6.3240E7   -19.5
   69    2.87162   -8.41  0.00136  0.00136     6.2960E7     6.4219E7   -19.5
   70    2.88212   -8.38  0.00126  0.00126     6.3994E7     6.5204E7   -19.5
   71    2.89251   -8.36  0.00124  0.00124     6.4930E7     6.6125E7   -19.5
   72    2.90278   -8.34  0.00109  0.00109     6.5848E7     6.7063E7   -19.5
   73    2.91295   -8.32  0.00105  0.00105     6.6789E7     6.7959E7   -19.6
   74    2.92301   -8.29  9.48E-4  9.47E-4     6.7727E7     6.8960E7   -19.6
   75    2.93297   -8.28  8.87E-4  8.86E-4     6.8617E7     6.9892E7   -19.6
   76    2.94283   -8.25  9.18E-4  9.18E-4     6.9574E7     7.0822E7   -19.6
   77    2.95259   -8.23  8.80E-4  8.80E-4     7.0548E7     7.1710E7   -19.6
   78    2.96226   -8.21  8.97E-4  8.97E-4     7.1369E7     7.2621E7   -19.6
   79    2.97183    -8.2  8.31E-4  8.30E-4     7.2155E7     7.3559E7   -19.6
   80    2.98131   -8.18  7.97E-4  7.96E-4     7.2958E7     7.4414E7   -19.7
   81    2.99070   -8.16  8.23E-4  8.24E-4     7.3892E7     7.5318E7   -19.7
   82    3.00000   -8.14  8.05E-4  8.03E-4     7.4645E7     7.6222E7   -19.7
   83    3.00922   -8.12  8.59E-4  8.58E-4     7.5410E7     7.7101E7   -19.7
   84    3.01835   -8.11  9.40E-4  9.40E-4     7.6386E7     7.8001E7   -19.7
   85    3.02740   -8.08  9.18E-4  9.17E-4     7.7230E7     7.8843E7   -19.7
   86    3.03637   -8.07  9.60E-4  9.60E-4     7.7928E7     7.9777E7   -19.7
   87    3.04526   -8.05  0.00103  0.00103     7.8853E7     8.0613E7   -19.7
   88    3.05408   -8.03  0.00106  0.00106     7.9690E7     8.1490E7   -19.8
   89    3.06281   -8.02  0.00101  0.00101     8.0504E7     8.2340E7   -19.8
   90    3.07148     -8.  9.60E-4  9.59E-4     8.1435E7     8.3157E7   -19.8
   91    3.08007   -7.97  9.10E-4  9.09E-4     8.2323E7     8.4061E7   -19.8
   92    3.08859   -7.96  8.98E-4  8.97E-4     8.3082E7     8.4880E7   -19.8
   93    3.09704   -7.94  8.80E-4  8.80E-4     8.3869E7     8.5710E7   -19.8
   94    3.10542   -7.93  8.22E-4  8.22E-4     8.4555E7     8.6544E7   -19.8
   95    3.11374   -7.91  8.77E-4  8.77E-4     8.5379E7     8.7370E7   -19.8
   96    3.12199   -7.89  8.62E-4  8.62E-4     8.6263E7     8.8230E7   -19.8
   97    3.13017   -7.88  8.62E-4  8.62E-4     8.7063E7     8.9017E7   -19.8
   98    3.13829   -7.86  8.88E-4  8.86E-4     8.7822E7     8.9840E7   -19.9
   99    3.14635   -7.85  8.72E-4  8.71E-4     8.8653E7     9.0672E7   -19.9
  100    3.15434   -7.83  8.92E-4  8.91E-4     8.9431E7     9.1473E7   -19.9
  101    3.16228   -7.81  8.66E-4  8.66E-4     9.0365E7     9.2327E7   -19.9
  102    3.17015   -7.79  9.26E-4  9.25E-4     9.1254E7     9.3091E7   -19.9
  103    3.17797   -7.78  9.44E-4  9.44E-4     9.1964E7     9.3926E7   -19.9
  104    3.18573   -7.77  9.43E-4  9.42E-4     9.2710E7     9.4715E7   -19.9
  105    3.19344   -7.75  9.92E-4  9.92E-4     9.3388E7     9.5489E7   -19.9
  106    3.20109   -7.74  0.00103  0.00103     9.4104E7     9.6299E7   -19.9
  107    3.20868   -7.72  0.00117  0.00117     9.5179E7     9.7063E7   -19.9
  108    3.21622    -7.7  0.00127  0.00126     9.5901E7     9.7869E7    -20.
  109    3.22371   -7.69  0.00125  0.00125     9.6737E7     9.8645E7    -20.
  110    3.23115   -7.67  0.00117  0.00117     9.7440E7     9.9408E7    -20.
  111    3.23853   -7.66   0.0011   0.0011     9.8062E7     1.0018E8    -20.
  112    3.24587   -7.65  0.00105  0.00105     9.8701E7     1.0094E8    -20.
  113    3.25315   -7.64  0.00104  0.00104     9.9347E7     1.0172E8    -20.
  114    3.26039   -7.62  0.00105  0.00105     1.0011E8     1.0248E8    -20.
  115    3.26758   -7.61  9.91E-4  9.90E-4     1.0081E8     1.0323E8    -20.
  116    3.27472    -7.6    0.001    0.001     1.0151E8     1.0402E8    -20.
  117    3.28182   -7.58  9.96E-4  9.95E-4     1.0215E8     1.0476E8    -20.
  118    3.28887   -7.57  9.70E-4  9.69E-4     1.0298E8     1.0550E8    -20.
  119    3.29587   -7.55  9.77E-4  9.77E-4     1.0375E8     1.0623E8    -20.
  120    3.30283   -7.54  9.62E-4  9.61E-4     1.0433E8     1.0698E8    -20.
  121    3.30975   -7.52  9.28E-4  9.27E-4     1.0522E8     1.0773E8   -20.1
  122    3.31662   -7.51  9.87E-4  9.86E-4     1.0584E8     1.0845E8   -20.1
  123    3.32346    -7.5  9.65E-4  9.64E-4     1.0650E8     1.0916E8   -20.1
  124    3.33025   -7.49  0.00103  0.00103     1.0717E8     1.0989E8   -20.1
  125    3.33699   -7.47  0.00113  0.00113     1.0780E8     1.1066E8   -20.1
  126    3.34370   -7.47  0.00121   0.0012     1.0833E8     1.1138E8   -20.1
  127    3.35037   -7.46  0.00118  0.00118     1.0888E8     1.1210E8   -20.1
  128    3.35700   -7.44  0.00116  0.00116     1.0967E8     1.1278E8   -20.1
  129    3.36359   -7.42  0.00118  0.00118     1.1064E8     1.1351E8   -20.1
  130    3.37014   -7.41   0.0012   0.0012     1.1127E8     1.1424E8   -20.1
  131    3.37665    -7.4  0.00115  0.00115     1.1192E8     1.1495E8   -20.1
  132    3.38312   -7.39  0.00116  0.00116     1.1265E8     1.1565E8   -20.1
  133    3.38956   -7.38  0.00108  0.00108     1.1334E8     1.1634E8   -20.1
  134    3.39596   -7.36   0.0011   0.0011     1.1421E8     1.1707E8   -20.1
  135    3.40233   -7.35  0.00103  0.00103     1.1474E8     1.1777E8   -20.1
  136    3.40866   -7.34  0.00106  0.00106     1.1547E8     1.1843E8   -20.2
  137    3.41495   -7.33  0.00105  0.00105     1.1608E8     1.1915E8   -20.2
  138    3.42121   -7.32  0.00103  0.00103     1.1666E8     1.1983E8   -20.2
  139    3.42744   -7.31  0.00103  0.00103     1.1724E8     1.2052E8   -20.2
  140    3.43363   -7.29  0.00111  0.00111     1.1804E8     1.2121E8   -20.2
  141    3.43979   -7.28  0.00124  0.00123     1.1863E8     1.2187E8   -20.2
  142    3.44592   -7.27  0.00128  0.00128     1.1917E8     1.2257E8   -20.2
  143    3.45201   -7.27  0.00131  0.00131     1.1964E8     1.2324E8   -20.2
  144    3.45807   -7.26  0.00133  0.00133     1.2003E8     1.2392E8   -20.2
  145    3.46410   -7.25  0.00135  0.00135     1.2064E8     1.2459E8   -20.2
  146    3.47010   -7.24  0.00126  0.00126     1.2137E8     1.2529E8   -20.2
  147    3.47607   -7.22  0.00115  0.00115     1.2228E8     1.2596E8   -20.2
  148    3.48200   -7.21  0.00118  0.00117     1.2297E8     1.2661E8   -20.2
  149    3.48791    -7.2  0.00116  0.00116     1.2363E8     1.2727E8   -20.2
  150    3.49379   -7.18   0.0011   0.0011     1.2416E8     1.2794E8   -20.2
  151    3.49964   -7.18  0.00114  0.00114     1.2475E8     1.2861E8   -20.2
  152    3.50545   -7.16  0.00112  0.00112     1.2536E8     1.2926E8   -20.2
  153    3.51124   -7.15   0.0011   0.0011     1.2624E8     1.2990E8   -20.3
  154    3.51700   -7.14   0.0012   0.0012     1.2676E8     1.3057E8   -20.3
  155    3.52274   -7.13  0.00124  0.00123     1.2779E8     1.3121E8   -20.3
  156    3.52844   -7.12  0.00123  0.00123     1.2832E8     1.3188E8   -20.3
  157    3.53412   -7.11  0.00127  0.00127     1.2866E8     1.3252E8   -20.3
  158    3.53977    -7.1  0.00122  0.00122     1.2938E8     1.3316E8   -20.3
  159    3.54539   -7.09  0.00122  0.00122     1.2987E8     1.3381E8   -20.3
  160    3.55099   -7.08  0.00117  0.00117     1.3072E8     1.3444E8   -20.3
  161    3.55656   -7.06  0.00119  0.00119     1.3160E8     1.3507E8   -20.3
  162    3.56210   -7.05  0.00124  0.00124     1.3236E8     1.3570E8   -20.3
  163    3.56762   -7.05  0.00124  0.00124     1.3282E8     1.3636E8   -20.3
  164    3.57311   -7.04  0.00128  0.00128     1.3331E8     1.3699E8   -20.3
  165    3.57858   -7.03  0.00123  0.00123     1.3390E8     1.3760E8   -20.3
  166    3.58402   -7.01  0.00128  0.00128     1.3453E8     1.3824E8   -20.3
  167    3.58944   -7.01  0.00135  0.00135     1.3486E8     1.3885E8   -20.3
  168    3.59484     -7.  0.00134  0.00134     1.3533E8     1.3950E8   -20.3
  169    3.60021   -6.99  0.00123  0.00123     1.3605E8     1.4010E8   -20.3
  170    3.60555   -6.98  0.00133  0.00133     1.3670E8     1.4071E8   -20.3
  171    3.61087   -6.97  0.00132  0.00132     1.3717E8     1.4136E8   -20.3
  172    3.61617   -6.97  0.00131  0.00131     1.3781E8     1.4196E8   -20.3
  173    3.62145   -6.96  0.00128  0.00128     1.3829E8     1.4258E8   -20.4
  174    3.62670   -6.95  0.00132  0.00132     1.3879E8     1.4319E8   -20.4
  175    3.63193   -6.94   0.0014   0.0014     1.3925E8     1.4382E8   -20.4
  176    3.63714   -6.93  0.00138  0.00138     1.3984E8     1.4444E8   -20.4
  177    3.64232   -6.92  0.00137  0.00137     1.4036E8     1.4502E8   -20.4
  178    3.64748   -6.91  0.00135  0.00135     1.4109E8     1.4563E8   -20.4
  179    3.65262    -6.9  0.00139  0.00138     1.4177E8     1.4622E8   -20.4
  180    3.65774    -6.9  0.00144  0.00144     1.4235E8     1.4684E8   -20.4
  181    3.66284   -6.88  0.00135  0.00135     1.4295E8     1.4745E8   -20.4
  182    3.66792   -6.88  0.00134  0.00134     1.4355E8     1.4803E8   -20.4
  183    3.67297   -6.87  0.00133  0.00132     1.4413E8     1.4863E8   -20.4
  184    3.67801   -6.86  0.00134  0.00134     1.4440E8     1.4924E8   -20.4
  185    3.68302   -6.84  0.00131   0.0013     1.4541E8     1.4984E8   -20.4
  186    3.68802   -6.83  0.00132  0.00132     1.4600E8     1.5042E8   -20.4
  187    3.69299   -6.83  0.00133  0.00132     1.4640E8     1.5100E8   -20.4
  188    3.69794   -6.82  0.00136  0.00135     1.4721E8     1.5161E8   -20.4
  189    3.70288    -6.8  0.00138  0.00137     1.4779E8     1.5219E8   -20.4
  190    3.70779    -6.8  0.00129  0.00129     1.4836E8     1.5277E8   -20.4
  191    3.71269   -6.79  0.00137  0.00137     1.4890E8     1.5335E8   -20.4
  192    3.71756   -6.78  0.00138  0.00138     1.4923E8     1.5392E8   -20.4
  193    3.72242   -6.78  0.00143  0.00143     1.4975E8     1.5451E8   -20.4
  194    3.72726   -6.76  0.00143  0.00143     1.5066E8     1.5508E8   -20.4
  195    3.73208   -6.75  0.00145  0.00145     1.5123E8     1.5567E8   -20.4
  196    3.73688   -6.75  0.00138  0.00138     1.5162E8     1.5625E8   -20.5
  197    3.74166   -6.74  0.00148  0.00147     1.5213E8     1.5682E8   -20.5
  198    3.74642   -6.74  0.00145  0.00145     1.5252E8     1.5740E8   -20.5
  199    3.75117   -6.73  0.00146  0.00146     1.5324E8     1.5796E8   -20.5
  200    3.75589   -6.72  0.00142  0.00142     1.5361E8     1.5854E8   -20.5
  201    3.76060   -6.71   0.0014  0.00139     1.5423E8     1.5910E8   -20.5
  202    3.76530    -6.7  0.00152  0.00152     1.5501E8     1.5968E8   -20.5
  203    3.76997    -6.7  0.00153  0.00153     1.5540E8     1.6024E8   -20.5
  204    3.77463   -6.69  0.00157  0.00157     1.5595E8     1.6079E8   -20.5
  205    3.77927   -6.68   0.0016   0.0016     1.5649E8     1.6137E8   -20.5
  206    3.78389   -6.67  0.00157  0.00157     1.5697E8     1.6194E8   -20.5
  207    3.78850   -6.66  0.00165  0.00165     1.5772E8     1.6250E8   -20.5
  208    3.79309   -6.66  0.00159  0.00159     1.5818E8     1.6304E8   -20.5
  209    3.79766   -6.65  0.00163  0.00162     1.5849E8     1.6360E8   -20.5
  210    3.80221   -6.64  0.00167  0.00167     1.5896E8     1.6416E8   -20.5
  211    3.80675   -6.63   0.0016  0.00159     1.5971E8     1.6471E8   -20.5
  212    3.81128   -6.63  0.00155  0.00154     1.6013E8     1.6526E8   -20.5
  213    3.81579   -6.63  0.00154  0.00154     1.6037E8     1.6582E8   -20.5
  214    3.82028   -6.62  0.00146  0.00145     1.6090E8     1.6637E8   -20.5
  215    3.82475   -6.61  0.00147  0.00147     1.6145E8     1.6692E8   -20.5
  216    3.82921   -6.61  0.00154  0.00154     1.6150E8     1.6747E8   -20.5
  217    3.83366    -6.6  0.00153  0.00153     1.6205E8     1.6800E8   -20.5
  218    3.83809   -6.59  0.00145  0.00145     1.6252E8     1.6856E8   -20.5
  219    3.84250   -6.59  0.00157  0.00157     1.6299E8     1.6911E8   -20.5
  220    3.84690   -6.59  0.00171  0.00171     1.6311E8     1.6965E8   -20.5
  221    3.85129   -6.59  0.00184  0.00184     1.6336E8     1.7019E8   -20.5
  222    3.85565   -6.58  0.00185  0.00185     1.6392E8     1.7074E8   -20.5
  223    3.86001   -6.57  0.00177  0.00177     1.6475E8     1.7128E8   -20.5
  224    3.86435   -6.56  0.00173  0.00172     1.6550E8     1.7183E8   -20.5
  225    3.86867   -6.55  0.00177  0.00176     1.6604E8     1.7235E8   -20.6
  226    3.87298   -6.54  0.00168  0.00168     1.6645E8     1.7290E8   -20.6
  227    3.87728   -6.53  0.00164  0.00164     1.6706E8     1.7343E8   -20.6
  228    3.88156   -6.52  0.00158  0.00157     1.6778E8     1.7396E8   -20.6
  229    3.88583   -6.52  0.00162  0.00162     1.6825E8     1.7449E8   -20.6
  230    3.89008   -6.51  0.00161  0.00161     1.6877E8     1.7503E8   -20.6
  231    3.89432    -6.5  0.00158  0.00158     1.6929E8     1.7558E8   -20.6
  232    3.89855   -6.49  0.00156  0.00156     1.6982E8     1.7609E8   -20.6
  233    3.90276   -6.49  0.00156  0.00156     1.7004E8     1.7661E8   -20.6
  234    3.90696   -6.48  0.00162  0.00162     1.7073E8     1.7713E8   -20.6
  235    3.91115   -6.47  0.00161  0.00161     1.7124E8     1.7766E8   -20.6
  236    3.91532   -6.47  0.00162  0.00162     1.7132E8     1.7820E8   -20.6
  237    3.91948   -6.46  0.00163  0.00163     1.7218E8     1.7871E8   -20.6
  238    3.92362   -6.45  0.00158  0.00158     1.7269E8     1.7923E8   -20.6
  239    3.92775   -6.45  0.00174  0.00174     1.7320E8     1.7977E8   -20.6
  240    3.93187   -6.44  0.00178  0.00178     1.7357E8     1.8027E8   -20.6
  241    3.93598   -6.44  0.00176  0.00176     1.7405E8     1.8080E8   -20.6
  242    3.94007   -6.43  0.00177  0.00176     1.7456E8     1.8130E8   -20.6
  243    3.94415   -6.42  0.00171   0.0017     1.7506E8     1.8183E8   -20.6
  244    3.94822   -6.41  0.00168  0.00168     1.7540E8     1.8236E8   -20.6
  245    3.95228    -6.4  0.00161  0.00161     1.7630E8     1.8287E8   -20.6
  246    3.95632   -6.39  0.00161  0.00161     1.7680E8     1.8338E8   -20.6
  247    3.96035   -6.39  0.00158  0.00158     1.7708E8     1.8388E8   -20.6
  248    3.96437   -6.39  0.00163  0.00162     1.7757E8     1.8441E8   -20.6
  249    3.96838   -6.38  0.00166  0.00165     1.7807E8     1.8491E8   -20.6
  250    3.97237   -6.37  0.00168  0.00167     1.7856E8     1.8540E8   -20.6
  251    3.97635   -6.37  0.00172  0.00172     1.7881E8     1.8591E8   -20.6
  252    3.98032   -6.36  0.00175  0.00175     1.7987E8     1.8640E8   -20.6
  253    3.98428   -6.35   0.0017   0.0017     1.8011E8     1.8691E8   -20.6
  254    3.98823   -6.34  0.00188  0.00188     1.8102E8     1.8741E8   -20.6
  255    3.99216   -6.32  0.00205  0.00205     1.8190E8     1.8791E8   -20.6
  256    3.99609   -6.33  0.00206  0.00205     1.8212E8     1.8842E8   -20.7
  257    4.00000   -6.32  0.00208  0.00208     1.8261E8     1.8892E8   -20.7
  258    4.00390   -6.32  0.00205  0.00204     1.8270E8     1.8941E8   -20.7
  259    4.00779   -6.31  0.00201  0.00201     1.8319E8     1.8990E8   -20.7
  260    4.01167   -6.31  0.00198  0.00198     1.8368E8     1.9040E8   -20.7
  261    4.01553    -6.3  0.00184  0.00184     1.8405E8     1.9090E8   -20.7
  262    4.01939   -6.29  0.00183  0.00183     1.8453E8     1.9139E8   -20.7
  263    4.02323   -6.28  0.00186  0.00186     1.8501E8     1.9187E8   -20.7
  264    4.02707   -6.28  0.00184  0.00184     1.8550E8     1.9236E8   -20.7
  265    4.03089   -6.27  0.00193  0.00193     1.8584E8     1.9285E8   -20.7
  266    4.03470   -6.27  0.00205  0.00205     1.8632E8     1.9334E8   -20.7
  267    4.03850   -6.27  0.00205  0.00205     1.8637E8     1.9383E8   -20.7
  268    4.04229   -6.26    0.002  0.00199     1.8717E8     1.9431E8   -20.7
  269    4.04607   -6.26   0.0021   0.0021     1.8720E8     1.9479E8   -20.7
  270    4.04984   -6.24  0.00203  0.00203     1.8813E8     1.9528E8   -20.7
  271    4.05360   -6.24  0.00204  0.00204     1.8837E8     1.9575E8   -20.7
  272    4.05735   -6.23  0.00189  0.00189     1.8885E8     1.9623E8   -20.7
  273    4.06109   -6.23  0.00194  0.00194     1.8933E8     1.9671E8   -20.7
  274    4.06481   -6.23  0.00199  0.00198     1.8943E8     1.9720E8   -20.7
  275    4.06853   -6.22  0.00195  0.00194     1.8991E8     1.9767E8   -20.7
  276    4.07224   -6.21  0.00193  0.00192     1.9084E8     1.9814E8   -20.7
  277    4.07594   -6.21  0.00193  0.00193     1.9071E8     1.9862E8   -20.7
  278    4.07962    -6.2   0.0019  0.00189     1.9151E8     1.9909E8   -20.7
  279    4.08330   -6.19  0.00194  0.00193     1.9198E8     1.9956E8   -20.7
  280    4.08697   -6.19  0.00189  0.00189     1.9228E8     2.0003E8   -20.7
  281    4.09062   -6.18  0.00184  0.00184     1.9274E8     2.0051E8   -20.7
  282    4.09427   -6.17  0.00182  0.00182     1.9319E8     2.0099E8   -20.7
  283    4.09791   -6.17  0.00198  0.00198     1.9365E8     2.0145E8   -20.7
  284    4.10154   -6.16  0.00186  0.00185     1.9411E8     2.0192E8   -20.7
  285    4.10516   -6.15  0.00196  0.00196     1.9456E8     2.0238E8   -20.7
  286    4.10876   -6.15   0.0019   0.0019     1.9502E8     2.0285E8   -20.7
  287    4.11236   -6.14  0.00197  0.00197     1.9549E8     2.0332E8   -20.7
  288    4.11595   -6.13  0.00195  0.00195     1.9594E8     2.0377E8   -20.7
  289    4.11953   -6.13  0.00204  0.00203     1.9640E8     2.0423E8   -20.7
  290    4.12311   -6.12  0.00197  0.00197     1.9684E8     2.0470E8   -20.7
  291    4.12667   -6.12    0.002    0.002     1.9702E8     2.0516E8   -20.7
  292    4.13022   -6.12  0.00195  0.00195     1.9747E8     2.0562E8   -20.7
  293    4.13376   -6.11  0.00198  0.00198     1.9792E8     2.0605E8   -20.7
  294    4.13730    -6.1  0.00197  0.00196     1.9837E8     2.0653E8   -20.7
  295    4.14082    -6.1  0.00196  0.00196     1.9882E8     2.0697E8   -20.7
  296    4.14434   -6.08  0.00196  0.00196     1.9976E8     2.0743E8   -20.8
  297    4.14785   -6.09  0.00195  0.00195     1.9955E8     2.0788E8   -20.8
  298    4.15135   -6.08  0.00192  0.00191     1.9999E8     2.0833E8   -20.8
  299    4.15484   -6.07  0.00188  0.00188     2.0044E8     2.0879E8   -20.8
  300    4.15832   -6.06  0.00199  0.00198     2.0088E8     2.0923E8   -20.8
  301    4.16179   -6.06  0.00195  0.00195     2.0132E8     2.0968E8   -20.8
  302    4.16526   -6.05  0.00199  0.00199     2.0219E8     2.1013E8   -20.8
  303    4.16871   -6.04  0.00201    0.002     2.0242E8     2.1057E8   -20.8
  304    4.17216   -6.04  0.00206  0.00205     2.0272E8     2.1103E8   -20.8
  305    4.17560   -6.05    0.002    0.002     2.0243E8     2.1146E8   -20.8
  306    4.17902   -6.04  0.00206  0.00205     2.0286E8     2.1191E8   -20.8
  307    4.18245   -6.04  0.00221  0.00221     2.0330E8     2.1236E8   -20.8
  308    4.18586   -6.04  0.00274  0.00273     2.0326E8     2.1280E8   -20.8
  309    4.18926   -6.03   0.0026  0.00259     2.0369E8     2.1324E8   -20.8
  310    4.19266   -6.03  0.00278  0.00278     2.0429E8     2.1367E8   -20.8
  311    4.19605   -6.01   0.0024  0.00239     2.0537E8     2.1413E8   -20.8
  312    4.19943   -6.01  0.00234  0.00233     2.0581E8     2.1456E8   -20.8
  313    4.20280     -6.  0.00225  0.00224     2.0600E8     2.1500E8   -20.8
  314    4.20616     -6.  0.00221  0.00221     2.0651E8     2.1543E8   -20.8
  315    4.20952   -5.99  0.00214  0.00213     2.0694E8     2.1587E8   -20.8
  316    4.21287   -5.98  0.00212  0.00211     2.0742E8     2.1631E8   -20.8
  317    4.21621   -5.97   0.0021  0.00209     2.0786E8     2.1674E8   -20.8
  318    4.21954   -5.97  0.00213  0.00212     2.0827E8     2.1717E8   -20.8
  319    4.22286   -5.95  0.00208  0.00208     2.0916E8     2.1760E8   -20.8
  320    4.22618   -5.96   0.0021  0.00209     2.0918E8     2.1803E8   -20.8
  321    4.22949   -5.95  0.00203  0.00202     2.0961E8     2.1846E8   -20.8
  322    4.23279   -5.95  0.00217  0.00216     2.1003E8     2.1888E8   -20.8
  323    4.23608   -5.94  0.00207  0.00207     2.1045E8     2.1930E8   -20.8
  324    4.23936   -5.93  0.00211   0.0021     2.1087E8     2.1974E8   -20.8
  325    4.24264   -5.93  0.00217  0.00216     2.1106E8     2.2016E8   -20.8
  326    4.24591   -5.92  0.00213  0.00212     2.1147E8     2.2059E8   -20.8
  327    4.24917   -5.92  0.00206  0.00205     2.1163E8     2.2101E8   -20.8
  328    4.25243   -5.91  0.00208  0.00208     2.1251E8     2.2143E8   -20.8
  329    4.25567   -5.91  0.00213  0.00213     2.1229E8     2.2186E8   -20.8
  330    4.25891   -5.89  0.00221  0.00221     2.1353E8     2.2228E8   -20.8
  331    4.26215   -5.89  0.00218  0.00218     2.1370E8     2.2270E8   -20.8
  332    4.26537   -5.89  0.00219  0.00218     2.1350E8     2.2312E8   -20.8
  333    4.26859   -5.87  0.00229  0.00229     2.1484E8     2.2353E8   -20.8
  334    4.27180   -5.88  0.00214  0.00214     2.1511E8     2.2395E8   -20.8
  335    4.27500   -5.87  0.00218  0.00217     2.1531E8     2.2438E8   -20.8
  336    4.27820   -5.88  0.00224  0.00224     2.1513E8     2.2480E8   -20.8
  337    4.28139   -5.86   0.0024   0.0024     2.1580E8     2.2522E8   -20.8
  338    4.28457   -5.86  0.00293  0.00293     2.1616E8     2.2563E8   -20.8
  339    4.28775   -5.87  0.00362  0.00361     2.1609E8     2.2604E8   -20.8
  340    4.29092   -5.88   0.0036  0.00359     2.1586E8     2.2647E8   -20.8
  341    4.29408   -5.87  0.00354  0.00353     2.1621E8     2.2689E8   -20.8
  342    4.29723   -5.86  0.00327  0.00326     2.1662E8     2.2730E8   -20.8
  343    4.30038   -5.85  0.00288  0.00288     2.1702E8     2.2771E8   -20.8
  344    4.30352   -5.85  0.00303  0.00302     2.1743E8     2.2811E8   -20.8
  345    4.30665   -5.84  0.00281   0.0028     2.1875E8     2.2853E8   -20.8
  346    4.30978   -5.83   0.0028  0.00279     2.1916E8     2.2893E8   -20.9
  347    4.31290   -5.84  0.00272  0.00272     2.1860E8     2.2935E8   -20.8
  348    4.31601   -5.83  0.00268  0.00267     2.1955E8     2.2975E8   -20.9
  349    4.31912   -5.82  0.00263  0.00262     2.1996E8     2.3016E8   -20.9
  350    4.32222   -5.81  0.00253  0.00253     2.2035E8     2.3056E8   -20.9
  351    4.32531    -5.8  0.00251   0.0025     2.2075E8     2.3097E8   -20.9
  352    4.32839    -5.8  0.00237  0.00237     2.2115E8     2.3138E8   -20.9
  353    4.33147   -5.79  0.00235  0.00234     2.2155E8     2.3179E8   -20.9
  354    4.33455   -5.78  0.00253  0.00253     2.2193E8     2.3221E8   -20.9
  355    4.33761   -5.79  0.00266  0.00265     2.2253E8     2.3268E8   -20.9
  356    4.34067   -5.79  0.00271   0.0027     2.2254E8     2.3309E8   -20.9
  357    4.34373   -5.79  0.00279  0.00279     2.2262E8     2.3352E8   -20.9
  358    4.34677   -5.78  0.00273  0.00272     2.2301E8     2.3392E8   -20.9
  359    4.34981   -5.76  0.00256  0.00255     2.2388E8     2.3433E8   -20.9
  360    4.35285   -5.76  0.00244  0.00244     2.2428E8     2.3473E8   -20.9
  361    4.35588   -5.75  0.00242  0.00241     2.2467E8     2.3513E8   -20.9
  362    4.35890   -5.74   0.0024  0.00239     2.2538E8     2.3554E8   -20.9
  363    4.36191   -5.73  0.00237  0.00236     2.2576E8     2.3593E8   -20.9
  364    4.36492   -5.73  0.00248  0.00248     2.2616E8     2.3634E8   -20.9
  365    4.36793   -5.72  0.00243  0.00243     2.2654E8     2.3673E8   -20.9
  366    4.37092   -5.73  0.00255  0.00254     2.2586E8     2.3714E8   -20.9
  367    4.37391   -5.73  0.00262  0.00261     2.2624E8     2.3754E8   -20.9
  368    4.37690   -5.73  0.00274  0.00274     2.2663E8     2.3794E8   -20.9
  369    4.37988   -5.73   0.0034  0.00339     2.2701E8     2.3834E8   -20.9
  370    4.38285   -5.73  0.00527  0.00525     2.2746E8     2.3879E8   -20.9
  371    4.38582   -5.72  0.00401  0.00399     2.2785E8     2.3920E8   -20.9
  372    4.38878   -5.71  0.00314  0.00313     2.2824E8     2.3960E8   -20.9
  373    4.39173   -5.71  0.00288  0.00287     2.2862E8     2.4000E8   -20.9
  374    4.39468    -5.7  0.00274  0.00273     2.2900E8     2.4041E8   -20.9
  375    4.39762    -5.7  0.00375  0.00373     2.2939E8     2.4080E8   -20.9
  376    4.40056   -5.69   0.0031  0.00309     2.2975E8     2.4121E8   -20.9
  377    4.40349   -5.68  0.00289  0.00288     2.3014E8     2.4159E8   -20.9
  378    4.40641   -5.68  0.00285  0.00284     2.3052E8     2.4199E8   -20.9
  379    4.40933   -5.68  0.00282  0.00281     2.3089E8     2.4238E8   -20.9
  380    4.41225   -5.67  0.00347  0.00346     2.3128E8     2.4274E8   -20.9
  381    4.41515   -5.64  0.00313  0.00312     2.3339E8     2.4313E8   -20.9
  382    4.41806   -5.64  0.00331   0.0033     2.3377E8     2.4353E8   -20.9
  383    4.42095   -5.64  0.00326  0.00325     2.3415E8     2.4392E8   -20.9
  384    4.42384   -5.62  0.00418  0.00416     2.3497E8     2.4430E8   -20.9
  385    4.42673   -5.62  0.00465  0.00463     2.3534E8     2.4468E8   -20.9
  386    4.42961   -5.65  0.00977  0.00969     2.3584E8     2.4501E8   -20.9
  387    4.43248   -5.63  0.00881  0.00873     2.3623E8     2.4538E8   -20.9
  388    4.43535   -5.62  0.00792  0.00786     2.3661E8     2.4576E8   -20.9
  389    4.43821   -5.62  0.00802  0.00796     2.3698E8     2.4612E8   -20.9
  390    4.44107   -5.63  0.00826   0.0082     2.3671E8     2.4649E8   -20.9
  391    4.44392   -5.62  0.00911  0.00903     2.3747E8     2.4686E8   -20.9
  392    4.44676   -5.61  0.00833  0.00826     2.3786E8     2.4724E8   -20.9
  393    4.44961    -5.6  0.00745   0.0074     2.3823E8     2.4760E8   -20.9
  394    4.45244    -5.6  0.00609  0.00606     2.3821E8     2.4796E8   -20.9
  395    4.45527    -5.6  0.00701  0.00697     2.3858E8     2.4834E8   -20.9
  396    4.45809   -5.59  0.00564  0.00561     2.3896E8     2.4870E8   -20.9
  397    4.46091   -5.58  0.00512  0.00509     2.3932E8     2.4906E8   -20.9
  398    4.46373   -5.59  0.00749  0.00743     2.3904E8     2.4944E8   -20.9
  399    4.46654   -5.58    0.006  0.00596     2.3941E8     2.4979E8   -20.9
  400    4.46934   -5.58  0.00735   0.0073     2.3977E8     2.5016E8   -20.9
  401    4.47214   -5.55  0.00499  0.00496     2.4118E8     2.5052E8    -21.
  402    4.47493   -5.57  0.00741  0.00736     2.4044E8     2.5088E8    -21.
  403    4.47772   -5.57  0.00663  0.00659     2.4081E8     2.5124E8    -21.
  404    4.48050   -5.56  0.00618  0.00614     2.4117E8     2.5159E8    -21.
  405    4.48327   -5.56  0.00652  0.00648     2.4154E8     2.5197E8    -21.
  406    4.48605   -5.55   0.0064  0.00636     2.4191E8     2.5232E8    -21.
  407    4.48881   -5.54  0.00599  0.00596     2.4227E8     2.5268E8    -21.
  408    4.49157   -5.53   0.0055  0.00547     2.4264E8     2.5304E8    -21.
  409    4.49433   -5.52   0.0051  0.00508     2.4299E8     2.5339E8    -21.
  410    4.49708   -5.52  0.00483  0.00481     2.4334E8     2.5375E8    -21.
  411    4.49983   -5.51   0.0045  0.00448     2.4370E8     2.5410E8    -21.
  412    4.50257   -5.54  0.00621  0.00617     2.4294E8     2.5448E8    -21.
  413    4.50531   -5.52  0.00475  0.00473     2.4329E8     2.5479E8    -21.
  414    4.50804   -5.51    0.005  0.00498     2.4366E8     2.5517E8    -21.
  415    4.51076   -5.52  0.00583   0.0058     2.4401E8     2.5555E8    -21.
  416    4.51349   -5.51  0.00576  0.00573     2.4436E8     2.5590E8    -21.
  417    4.51620   -5.49  0.00462   0.0046     2.4472E8     2.5625E8    -21.
  418    4.51891   -5.49  0.00443  0.00441     2.4507E8     2.5659E8    -21.
  419    4.52162   -5.49  0.00407  0.00405     2.4542E8     2.5693E8    -21.
  420    4.52432   -5.48  0.00431  0.00429     2.4577E8     2.5728E8    -21.
  421    4.52702   -5.46  0.00403  0.00401     2.4703E8     2.5764E8    -21.
  422    4.52971   -5.46  0.00415  0.00414     2.4739E8     2.5799E8    -21.
  423    4.53240   -5.46  0.00401    0.004     2.4774E8     2.5833E8    -21.
  424    4.53508   -5.48  0.00498  0.00496     2.4673E8     2.5868E8    -21.
  425    4.53776   -5.46  0.00383  0.00381     2.4707E8     2.5902E8    -21.
  426    4.54043   -5.46  0.00413  0.00411     2.4749E8     2.5937E8    -21.
  427    4.54310   -5.46  0.00392  0.00391     2.4784E8     2.5971E8    -21.
  428    4.54576   -5.45  0.00387  0.00385     2.4818E8     2.6004E8    -21.
  429    4.54842   -5.43  0.00376  0.00374     2.4976E8     2.6040E8    -21.
  430    4.55108   -5.42  0.00386  0.00385     2.5011E8     2.6075E8    -21.
  431    4.55373   -5.41  0.00406  0.00405     2.5045E8     2.6109E8    -21.
  432    4.55637   -5.43  0.00426  0.00424     2.5004E8     2.6143E8    -21.
  433    4.55901   -5.41  0.00387  0.00386     2.5038E8     2.6175E8    -21.
  434    4.56165   -5.42  0.00389  0.00387     2.5072E8     2.6212E8    -21.
  435    4.56428    -5.4  0.00387  0.00385     2.5114E8     2.6245E8    -21.
  436    4.56691   -5.39  0.00336  0.00335     2.5227E8     2.6279E8    -21.
  437    4.56953    -5.4   0.0038  0.00378     2.5189E8     2.6312E8    -21.
  438    4.57215   -5.39  0.00376  0.00375     2.5223E8     2.6346E8    -21.
  439    4.57476   -5.39  0.00363  0.00361     2.5258E8     2.6381E8    -21.
  440    4.57737   -5.37  0.00345  0.00344     2.5290E8     2.6415E8    -21.
  441    4.57998   -5.37  0.00341   0.0034     2.5324E8     2.6449E8    -21.