0.00040	 1.00e+08	 0.15000001	 0.1500	-2.3034	 3.5907	 5.2264	10.529	12.907	11.547	 9.824
0.00040	 1.00e+08	 0.20000000	 0.2000	-2.0077	 3.6158	 5.1560	 9.789	11.779	10.577	 9.102
0.00040	 1.00e+08	 0.25000000	 0.2500	-1.7955	 3.6285	 5.0915	 9.259	11.055	 9.938	 8.566
0.00040	 1.00e+08	 0.30000001	 0.3000	-1.6571	 3.6372	 5.0671	 8.913	10.602	 9.532	 8.224
0.00040	 1.00e+08	 0.34999999	 0.3500	-1.5355	 3.6446	 5.0421	 8.609	10.206	 9.177	 7.923
0.00040	 1.00e+08	 0.40000001	 0.4000	-1.4184	 3.6513	 5.0097	 8.316	 9.828	 8.838	 7.635
0.00040	 1.00e+08	 0.44999999	 0.4500	-1.2810	 3.6596	 4.9567	 7.972	 9.401	 8.447	 7.294
0.00040	 1.00e+08	 0.50000000	 0.5000	-1.1507	 3.6693	 4.9111	 7.647	 8.986	 8.068	 6.970
0.00040	 1.00e+08	 0.60000002	 0.6000	-0.8449	 3.7037	 4.8216	 6.882	 7.931	 7.149	 6.217
0.00040	 1.00e+08	 0.69999999	 0.7000	-0.5427	 3.7446	 4.7502	 6.127	 6.922	 6.301	 5.515
0.00040	 1.00e+08	 0.80000001	 0.8000	-0.2657	 3.7815	 4.6786	 5.434	 6.065	 5.571	 4.902
0.00040	 1.00e+08	 0.89999998	 0.9000	-0.0185	 3.8126	 4.6070	 4.816	 5.332	 4.929	 4.357
0.00040	 1.00e+08	 1.00000000	 1.0000	 0.2002	 3.8423	 4.5531	 4.270	 4.699	 4.363	 3.894
0.00040	 1.00e+08	 1.10000002	 1.1000	 0.3930	 3.8741	 4.5288	 3.787	 4.122	 3.860	 3.505
0.00040	 1.00e+08	 1.17374551	 1.1737	 0.5220	 3.9020	 4.5395	 3.465	 3.724	 3.537	 3.308
0.00040	 1.00e+08	 1.20000005	 1.2000	 0.5654	 3.9114	 4.5433	 3.356	 3.600	 3.429	 3.237
0.00040	 1.00e+08	 1.24915659	 1.2491	 0.6429	 3.9287	 4.5523	 3.163	 3.380	 3.246	 3.111
0.00040	 1.00e+08	 1.29999995	 1.2999	 0.7195	 3.9458	 4.5615	 2.971	 3.188	 3.092	 3.009
0.00040	 1.00e+08	 1.39999998	 1.3999	 0.8582	 3.9769	 4.5795	 2.625	 2.871	 2.833	 2.819
0.00040	 1.00e+08	 1.50000000	 1.4999	 0.9855	 4.0050	 4.5945	 2.306	 2.641	 2.640	 2.665
0.00040	 1.00e+08	 1.60000002	 1.5999	 1.1053	 4.0310	 4.6069	 2.007	 2.438	 2.471	 2.521
0.00040	 1.00e+08	 1.70000005	 1.6998	 1.2157	 4.0544	 4.6164	 1.731	 2.266	 2.317	 2.390
0.00040	 1.00e+08	 1.75000000	 1.7498	 1.2673	 4.0651	 4.6200	 1.602	 2.185	 2.244	 2.327
0.00040	 1.00e+08	 1.79999995	 1.7998	 1.3175	 4.0752	 4.6227	 1.476	 2.106	 2.175	 2.263
0.00040	 1.00e+08	 1.89999998	 1.8998	 1.4129	 4.0939	 4.6254	 1.238	 1.958	 2.041	 2.139
0.00040	 1.00e+08	 2.00000000	 1.9997	 1.5013	 4.1106	 4.6260	 1.017	 1.824	 1.917	 2.025
0.00040	 1.00e+08	 2.10840893	 2.1081	 1.5916	 4.1267	 4.6229	 0.791	 1.682	 1.785	 1.903
0.00040	 1.00e+08	 2.20000005	 2.1996	 1.6655	 4.1396	 4.6191	 0.606	 1.565	 1.676	 1.802
0.00040	 1.00e+08	 2.50000000	 2.4995	 1.8817	 4.1744	 4.5976	 0.066	 1.209	 1.336	 1.478
0.00040	 1.00e+08	 2.58699489	 2.5864	 1.9382	 4.1828	 4.5896	-0.075	 1.113	 1.246	 1.392
0.00040	 1.00e+08	 2.95454979	 2.9536	 2.1630	 4.2137	 4.5461	-0.638	 0.720	 0.872	 1.036
0.00040	 1.00e+08	 3.00000000	 2.9990	 2.1895	 4.2170	 4.5396	-0.704	 0.673	 0.826	 0.992
0.00040	 1.00e+08	 3.27591205	 3.2746	 2.3398	 4.2342	 4.4959	-1.080	 0.394	 0.555	 0.729
0.00040	 1.00e+08	 3.50000000	 3.4983	 2.4570	 4.2457	 4.4534	-1.373	 0.164	 0.331	 0.513
0.00040	 1.00e+08	 3.54687071	 3.5451	 2.4804	 4.2478	 4.4446	-1.431	 0.117	 0.285	 0.469
0.00040	 1.00e+08	 3.76533508	 3.7631	 2.5893	 4.2563	 4.3955	-1.703	-0.111	 0.062	 0.251
0.00040	 1.00e+08	 3.94984508	 3.9472	 2.6795	 4.2618	 4.3480	-1.929	-0.310	-0.132	 0.059
0.00040	 1.00e+08	 4.00000000	 3.9972	 2.7040	 4.2631	 4.3341	-1.990	-0.365	-0.186	 0.005
0.00040	 1.00e+08	 4.12736273	 4.1242	 2.7663	 4.2658	 4.2963	-2.146	-0.508	-0.327	-0.135
0.00040	 1.00e+08	 4.26254225	 4.2590	 2.8356	 4.2662	 4.2424	-2.319	-0.681	-0.499	-0.307
0.00040	 1.00e+08	 4.38349581	 4.3794	 2.8988	 4.2647	 4.1855	-2.477	-0.848	-0.667	-0.476
0.00040	 1.00e+08	 4.48774481	 4.4832	 2.9554	 4.2616	 4.1268	-2.618	-1.008	-0.827	-0.640
0.00040	 1.00e+08	 4.50000000	 4.4954	 2.9622	 4.2610	 4.1187	-2.636	-1.029	-0.848	-0.661
0.00040	 1.00e+08	 4.58139086	 4.5764	 3.0075	 4.2570	 4.0651	-2.749	-1.165	-0.986	-0.803
0.00040	 1.00e+08	 4.66170835	 4.6562	 3.0542	 4.2516	 4.0042	-2.865	-1.313	-1.135	-0.956
0.00040	 1.00e+08	 4.69799089	 4.6923	 3.0764	 4.2492	 3.9757	-2.921	-1.382	-1.204	-1.026
0.00040	 1.00e+08	 4.73185205	 4.7259	 3.0980	 4.2477	 3.9512	-2.975	-1.444	-1.266	-1.089
0.00040	 1.00e+08	 4.74749517	 4.7414	 3.1086	 4.2479	 3.9430	-3.002	-1.470	-1.291	-1.114
0.00040	 1.00e+08	 4.76801538	 4.7618	 3.1243	 4.2518	 3.9445	-3.041	-1.489	-1.309	-1.130
0.00040	 1.00e+08	 4.77906466	 4.7727	 3.1352	 4.2587	 3.9622	-3.068	-1.479	-1.297	-1.114
0.00040	 1.00e+08	 4.78671503	 4.7803	 3.1498	 4.2723	 4.0030	-3.105	-1.440	-1.253	-1.059
0.00040	 1.00e+08	 4.78894234	 4.7825	 3.1632	 4.2831	 4.0327	-3.138	-1.415	-1.223	-1.021
0.00040	 1.00e+08	 4.79024839	 4.7838	 3.1793	 4.2931	 4.0569	-3.178	-1.400	-1.204	-0.997
0.00040	 1.00e+08	 4.79047775	 4.7841	 3.1737	 4.2914	 4.0558	-3.164	-1.395	-1.200	-0.994
0.00040	 1.00e+08	 4.79100895	 4.7846	 3.1486	 4.2769	 4.0228	-3.102	-1.412	-1.223	-1.025
0.00040	 1.00e+08	 4.79158306	 4.7852	 3.1653	 4.2620	 3.9466	-3.143	-1.537	-1.353	-1.167
0.00040	 1.00e+08	 4.79234791	 4.7859	 3.1978	 4.2462	 3.8511	-3.225	-1.704	-1.525	-1.348
0.00040	 1.00e+08	 4.79332495	 4.7869	 3.2220	 4.2283	 3.7551	-3.285	-1.864	-1.690	-1.521
0.00040	 1.00e+08	 4.79423761	 4.7878	 3.2363	 4.2118	 3.6750	-3.321	-1.994	-1.825	-1.666
0.00040	 1.00e+08	 4.79527712	 4.7888	 3.2483	 4.1928	 3.5870	-3.351	-2.125	-1.965	-1.821
0.00040	 1.00e+08	 4.79610443	 4.7896	 3.2559	 4.1766	 3.5149	-3.370	-2.226	-2.076	-1.945
0.00040	 1.00e+08	 4.79695272	 4.7905	 3.2623	 4.1585	 3.4361	-3.386	-2.345	-2.201	-2.078
0.00040	 1.00e+08	 4.79784298	 4.7913	 3.2679	 4.1371	 3.3448	-3.400	-2.474	-2.340	-2.229
0.00040	 1.00e+08	 4.79843569	 4.7919	 3.2715	 4.1213	 3.2783	-3.409	-2.562	-2.438	-2.337
0.00040	 1.00e+08	 4.79905033	 4.7925	 3.2743	 4.1030	 3.2024	-3.416	-2.668	-2.550	-2.463
0.00040	 1.00e+08	 4.79964304	 4.7931	 3.2763	 4.0822	 3.1173	-3.421	-2.782	-2.673	-2.598
0.00040	 1.00e+08	 4.80025721	 4.7937	 3.2773	 4.0580	 3.0196	-3.423	-2.906	-2.808	-2.759
0.00040	 1.00e+08	 4.80040550	 4.7938	 3.2774	 4.0515	 2.9933	-3.423	-2.936	-2.841	-2.796
0.00040	 1.00e+08	 4.80074596	 4.7942	 3.2772	 4.0357	 2.9302	-3.423	-3.006	-2.919	-2.883
0.00040	 1.00e+08	 4.80106640	 4.7945	 3.2762	 4.0188	 2.8637	-3.421	-3.081	-3.002	-2.977
0.00040	 1.00e+08	 4.80134678	 4.7947	 3.2750	 4.0024	 2.7994	-3.418	-3.152	-3.081	-3.073
0.00040	 1.00e+08	 4.80158663	 4.7950	 3.2735	 3.9869	 2.7388	-3.414	-3.213	-3.153	-3.155
0.00040	 1.00e+08	 4.80182695	 4.7952	 3.2715	 3.9697	 2.6721	-3.409	-3.273	-3.223	-3.237
0.00040	 1.00e+08	 4.80202675	 4.7954	 3.2693	 3.9541	 2.6121	-3.403	-3.318	-3.283	-3.313
0.00040	 1.00e+08	 4.80222702	 4.7956	 3.2666	 3.9371	 2.5467	-3.397	-3.352	-3.332	-3.389
0.00040	 1.00e+08	 4.80240726	 4.7958	 3.2634	 3.9196	 2.4799	-3.389	-3.367	-3.371	-3.455
0.00040	 1.00e+08	 4.80256701	 4.7959	 3.2603	 3.9036	 2.4191	-3.381	-3.367	-3.401	-3.527
0.00040	 1.00e+08	 4.80270720	 4.7961	 3.2568	 3.8874	 2.3577	-3.372	-3.339	-3.405	-3.578
0.00040	 1.00e+08	 4.80286694	 4.7962	 3.2523	 3.8681	 2.2849	-3.361	-3.279	-3.399	-3.641
0.00040	 1.00e+08	 4.80300713	 4.7963	 3.2473	 3.8482	 2.2106	-3.348	-3.189	-3.379	-3.702
0.00040	 1.00e+08	 4.80310726	 4.7964	 3.2433	 3.8332	 2.1546	-3.338	-3.114	-3.354	-3.741
0.00040	 1.00e+08	 4.80322695	 4.7965	 3.2379	 3.8150	 2.0871	-3.325	-2.989	-3.313	-3.796
0.00040	 1.00e+08	 4.80332708	 4.7966	 3.2322	 3.7972	 2.0217	-3.310	-2.876	-3.272	-3.846
0.00040	 1.00e+08	 4.80342674	 4.7967	 3.2255	 3.7780	 1.9514	-3.294	-2.757	-3.216	-3.865
0.00040	 1.00e+08	 4.80352688	 4.7968	 3.2174	 3.7601	 1.8879	-3.273	-2.628	-3.158	-3.876
0.00040	 1.00e+08	 4.80366659	 4.7970	 3.2026	 3.7433	 1.8354	-3.236	-2.498	-3.087	-3.865
0.00040	 1.00e+08	 4.80388641	 4.7972	 3.1732	 3.7289	 1.8075	-3.163	-2.325	-2.977	-3.813
0.00040	 1.00e+08	 4.80402613	 4.7973	 3.1616	 3.7224	 1.7930	-3.134	-2.248	-2.931	-3.795
0.00040	 1.00e+08	 4.80427265	 4.7975	 3.2093	 3.7126	 1.7061	-3.253	-2.284	-3.019	-3.926
0.00040	 1.00e+08	 4.80445719	 4.7977	 3.2679	 3.7074	 1.6268	-3.400	-2.384	-3.148	-4.079
0.00040	 1.00e+08	 4.80488777	 4.7980	 3.3094	 3.7045	 1.5738	-3.503	-2.462	-3.242	-4.187
0.00040	 1.00e+08	 4.80589294	 4.7989	 3.3342	 3.7030	 1.5430	-3.565	-2.511	-3.299	-4.251
0.00040	 1.00e+08	 4.83432722	 4.8227	 3.3131	 3.7094	 1.5917	-3.513	-2.514	-3.267	-4.191
0.00040	 1.00e+08	 4.85039568	 4.8363	 3.3585	 3.7335	 1.6441	-3.626	-2.824	-3.455	-4.273
0.00040	 1.00e+08	 4.85425329	 4.8395	 3.3742	 3.7629	 1.7464	-3.665	-3.044	-3.562	-4.266
0.00040	 1.00e+08	 4.85675955	 4.8417	 3.3804	 3.7845	 1.8265	-3.681	-3.194	-3.622	-4.238
0.00040	 1.00e+08	 4.85920143	 4.8438	 3.3857	 3.8034	 1.8971	-3.694	-3.313	-3.671	-4.202
0.00040	 1.00e+08	 4.86166239	 4.8460	 3.3907	 3.8206	 1.9609	-3.707	-3.428	-3.713	-4.153
0.00040	 1.00e+08	 4.86428547	 4.8483	 3.3955	 3.8366	 2.0204	-3.719	-3.529	-3.747	-4.110
0.00040	 1.00e+08	 4.86808205	 4.8516	 3.4021	 3.8576	 2.0983	-3.735	-3.639	-3.779	-4.054
0.00040	 1.00e+08	 4.87185287	 4.8550	 3.4080	 3.8755	 2.1641	-3.750	-3.705	-3.793	-4.005
0.00040	 1.00e+08	 4.87619400	 4.8589	 3.4142	 3.8933	 2.2293	-3.766	-3.753	-3.798	-3.950
0.00040	 1.00e+08	 4.88032341	 4.8627	 3.4199	 3.9086	 2.2855	-3.780	-3.775	-3.791	-3.901
0.00040	 1.00e+08	 4.88522482	 4.8672	 3.4262	 3.9245	 2.3432	-3.795	-3.774	-3.767	-3.844
0.00040	 1.00e+08	 4.89097691	 4.8724	 3.4330	 3.9411	 2.4033	-3.813	-3.764	-3.735	-3.788
0.00040	 1.00e+08	 4.89767551	 4.8786	 3.4407	 3.9583	 2.4650	-3.832	-3.736	-3.693	-3.721
0.00040	 1.00e+08	 4.90445995	 4.8849	 3.4479	 3.9736	 2.5195	-3.850	-3.704	-3.648	-3.661
0.00040	 1.00e+08	 4.91208029	 4.8920	 3.4557	 3.9892	 2.5745	-3.869	-3.658	-3.598	-3.605
0.00040	 1.00e+08	 4.92044783	 4.8998	 3.4639	 4.0048	 2.6295	-3.890	-3.611	-3.539	-3.532
0.00040	 1.00e+08	 4.92984009	 4.9085	 3.4727	 4.0202	 2.6829	-3.912	-3.565	-3.486	-3.463
0.00040	 1.00e+08	 4.94249344	 4.9204	 3.4840	 4.0369	 2.7397	-3.940	-3.514	-3.426	-3.394
0.00040	 1.00e+08	 4.95672846	 4.9338	 3.4960	 4.0521	 2.7895	-3.970	-3.476	-3.380	-3.339
0.00040	 1.00e+08	 4.97337389	 4.9494	 3.5096	 4.0656	 2.8312	-4.004	-3.447	-3.345	-3.294
0.00040	 1.00e+08	 5.00000000	 4.9745	 3.5316	 4.0791	 2.8655	-4.059	-3.433	-3.326	-3.261
0.00040	 1.00e+08	 5.00271368	 4.9770	 3.5339	 4.0797	 2.8659	-4.065	-3.436	-3.328	-3.263
0.00040	 1.00e+08	 5.02995253	 5.0025	 3.5567	 4.0652	 2.7874	-4.122	-3.565	-3.464	-3.415
0.00040	 1.00e+08	 5.04214191	 5.0139	 3.5681	 4.0487	 2.7109	-4.150	-3.670	-3.576	-3.538
0.00040	 1.00e+08	 5.04884863	 5.0201	 3.5744	 4.0335	 2.6441	-4.166	-3.756	-3.669	-3.640
0.00040	 1.00e+08	 5.05334711	 5.0242	 3.5790	 4.0172	 2.5749	-4.177	-3.844	-3.766	-3.748
0.00040	 1.00e+08	 5.05590057	 5.0265	 3.5819	 3.9974	 2.4931	-4.185	-3.936	-3.869	-3.871
0.00040	 1.00e+08	 5.05745792	 5.0279	 3.5825	 3.9776	 2.4134	-4.186	-4.022	-3.964	-3.978
0.00040	 1.00e+08	 5.05817223	 5.0285	 3.5818	 3.9622	 2.3524	-4.185	-4.072	-4.027	-4.056
0.00040	 1.00e+08	 5.05875874	 5.0290	 3.5802	 3.9435	 2.2792	-4.180	-4.126	-4.095	-4.148
0.00040	 1.00e+08	 5.05921793	 5.0294	 3.5769	 3.9210	 2.1927	-4.172	-4.162	-4.155	-4.237
0.00040	 1.00e+08	 5.05957508	 5.0297	 3.5705	 3.8941	 2.0913	-4.156	-4.156	-4.191	-4.338
0.00040	 1.00e+08	 5.05972815	 5.0299	 3.5657	 3.8790	 2.0359	-4.144	-4.119	-4.190	-4.387
0.00040	 1.00e+08	 5.05983019	 5.0300	 3.5601	 3.8633	 1.9786	-4.130	-4.071	-4.181	-4.429
0.00040	 1.00e+08	 5.05995750	 5.0301	 3.5500	 3.8412	 1.9003	-4.105	-3.950	-4.143	-4.483
0.00040	 1.00e+08	 5.06003428	 5.0301	 3.5411	 3.8250	 1.8444	-4.083	-3.850	-4.101	-4.509
0.00040	 1.00e+08	 5.06005955	 5.0302	 3.5391	 3.8215	 1.8323	-4.078	-3.821	-4.090	-4.518
0.00040	 1.00e+08	 5.06013536	 5.0302	 3.5237	 3.7970	 1.7498	-4.039	-3.645	-4.011	-4.556
0.00040	 1.00e+08	 5.06021070	 5.0303	 3.5079	 3.7710	 1.6617	-4.000	-3.435	-3.918	-4.588
0.00040	 1.00e+08	 5.06026125	 5.0303	 3.4944	 3.7506	 1.5936	-3.966	-3.277	-3.840	-4.588
0.00040	 1.00e+08	 5.06031132	 5.0304	 3.4743	 3.7346	 1.5499	-3.916	-3.122	-3.749	-4.563
0.00040	 1.00e+08	 5.06043720	 5.0305	 3.4441	 3.7193	 1.5186	-3.840	-2.924	-3.628	-4.511
0.00040	 1.00e+08	 5.06056309	 5.0306	 3.4866	 3.7053	 1.4201	-3.947	-2.908	-3.688	-4.632
0.00040	 1.00e+08	 5.06068897	 5.0306	 3.5539	 3.6992	 1.3286	-4.115	-3.020	-3.836	-4.808
0.00040	 1.00e+08	 5.06172085	 5.0313	 3.6290	 3.6915	 1.2229	-4.302	-3.122	-3.989	-4.998
0.00040	 1.00e+08	 5.06212330	 5.0315	 3.6860	 3.6878	 1.1509	-4.445	-3.220	-4.114	-5.142
0.00040	 1.00e+08	 5.06270170	 5.0317	 3.7467	 3.6838	 1.0743	-4.597	-3.325	-4.248	-5.295
0.00040	 1.00e+08	 5.06345606	 5.0319	 3.8069	 3.6803	 1.0000	-4.747	-3.433	-4.382	-5.447
0.00040	 1.00e+08	 5.06433535	 5.0319	 3.8671	 3.6769	 0.9263	-4.898	-3.538	-4.516	-5.601
0.00040	 1.00e+08	 5.06521368	 5.0317	 3.9321	 3.6731	 0.8458	-5.060	-3.641	-4.654	-5.764
0.00040	 1.00e+08	 5.06586647	 5.0313	 3.9890	 3.6695	 0.7746	-5.202	-3.727	-4.773	-5.907
0.00040	 1.00e+08	 5.06649351	 5.0308	 4.0535	 3.6652	 0.6930	-5.364	-3.821	-4.906	-6.069
0.00040	 1.00e+08	 5.06699467	 5.0300	 4.1116	 3.6617	 0.6206	-5.509	-3.907	-5.027	-6.216
0.00040	 1.00e+08	 5.06742096	 5.0292	 4.1712	 3.6577	 0.5451	-5.658	-3.991	-5.149	-6.368
0.00040	 1.00e+08	 5.06784678	 5.0280	 4.2295	 3.6564	 0.4816	-5.804	-4.107	-5.284	-6.516
0.00040	 1.00e+08	 5.06804705	 5.0272	 4.2855	 3.6534	 0.4134	-5.944	-4.190	-5.399	-6.656
0.00040	 1.00e+08	 5.06824780	 5.0263	 4.3409	 3.6498	 0.3437	-6.082	-4.262	-5.503	-6.787
0.00040	 1.00e+08	 5.06857300	 5.0247	 4.2838	 3.6538	 0.4166	-5.940	-4.193	-5.398	-6.652
0.00040	 1.00e+08	 5.06859827	 5.0246	 4.2280	 3.6576	 0.4876	-5.800	-4.121	-5.288	-6.512
0.00040	 1.00e+08	 5.06864834	 5.0244	 4.2818	 3.6539	 0.4189	-5.934	-4.189	-5.394	-6.646
0.00040	 1.00e+08	 5.06877375	 5.0238	 4.3378	 3.6501	 0.3476	-6.075	-4.259	-5.498	-6.780
0.00040	 1.00e+08	 5.06882381	 5.0235	 4.3674	 3.6480	 0.3098	-6.148	-4.296	-5.552	-6.849
0.00040	 1.26e+08	 0.15000001	 0.1500	-2.3034	 3.5907	 5.2264	10.528	12.906	11.547	 9.824
0.00040	 1.26e+08	 0.20000000	 0.2000	-2.0076	 3.6158	 5.1559	 9.789	11.778	10.577	 9.102
0.00040	 1.26e+08	 0.25000000	 0.2500	-1.7954	 3.6285	 5.0915	 9.259	11.055	 9.937	 8.566
0.00040	 1.26e+08	 0.30000001	 0.3000	-1.6570	 3.6372	 5.0670	 8.912	10.602	 9.532	 8.223
0.00040	 1.26e+08	 0.34999999	 0.3500	-1.5355	 3.6446	 5.0420	 8.609	10.206	 9.177	 7.923
0.00040	 1.26e+08	 0.40000001	 0.4000	-1.4183	 3.6513	 5.0097	 8.316	 9.827	 8.838	 7.634
0.00040	 1.26e+08	 0.44999999	 0.4500	-1.2808	 3.6596	 4.9566	 7.972	 9.401	 8.446	 7.294
0.00040	 1.26e+08	 0.50000000	 0.5000	-1.1505	 3.6693	 4.9109	 7.646	 8.985	 8.068	 6.970
0.00040	 1.26e+08	 0.60000002	 0.6000	-0.8444	 3.7037	 4.8213	 6.881	 7.930	 7.148	 6.215
0.00040	 1.26e+08	 0.69999999	 0.7000	-0.5418	 3.7446	 4.7495	 6.125	 6.920	 6.299	 5.513
0.00040	 1.26e+08	 0.80000001	 0.8000	-0.2642	 3.7816	 4.6776	 5.431	 6.061	 5.567	 4.898
0.00040	 1.26e+08	 0.89999998	 0.9000	-0.0163	 3.8128	 4.6056	 4.811	 5.326	 4.923	 4.352
0.00040	 1.26e+08	 1.00000000	 1.0000	 0.2031	 3.8426	 4.5511	 4.262	 4.691	 4.356	 3.887
0.00040	 1.26e+08	 1.04785931	 1.0478	 0.2980	 3.8582	 4.5389	 4.025	 4.404	 4.108	 3.692
0.00040	 1.26e+08	 1.10000002	 1.1000	 0.3966	 3.8743	 4.5259	 3.779	 4.112	 3.851	 3.497
0.00040	 1.26e+08	 1.12460268	 1.1246	 0.4408	 3.8838	 4.5294	 3.668	 3.982	 3.740	 3.420
0.00040	 1.26e+08	 1.20000005	 1.1999	 0.5685	 3.9115	 4.5408	 3.349	 3.591	 3.421	 3.230
0.00040	 1.26e+08	 1.29999995	 1.2999	 0.7228	 3.9462	 4.5600	 2.963	 3.179	 3.085	 3.003
0.00040	 1.26e+08	 1.39999998	 1.3999	 0.8621	 3.9774	 4.5775	 2.615	 2.862	 2.824	 2.812
0.00040	 1.26e+08	 1.50000000	 1.4999	 0.9902	 4.0055	 4.5920	 2.295	 2.630	 2.631	 2.656
0.00040	 1.26e+08	 1.60000002	 1.5998	 1.1109	 4.0316	 4.6034	 1.993	 2.426	 2.460	 2.510
0.00040	 1.26e+08	 1.70000005	 1.6998	 1.2221	 4.0549	 4.6118	 1.715	 2.252	 2.303	 2.377
0.00040	 1.26e+08	 1.75000000	 1.7498	 1.2740	 4.0654	 4.6147	 1.585	 2.170	 2.230	 2.312
0.00040	 1.26e+08	 1.79999995	 1.7998	 1.3248	 4.0755	 4.6165	 1.458	 2.089	 2.159	 2.247
0.00040	 1.26e+08	 1.89999998	 1.8997	 1.4211	 4.0940	 4.6176	 1.217	 1.937	 2.021	 2.119
0.00040	 1.26e+08	 1.92054749	 1.9203	 1.4398	 4.0975	 4.6175	 1.170	 1.908	 1.993	 2.094
0.00040	 1.26e+08	 2.00000000	 1.9997	 1.5112	 4.1107	 4.6164	 0.992	 1.799	 1.892	 2.000
0.00040	 1.26e+08	 2.20000005	 2.1995	 1.6790	 4.1395	 4.6052	 0.572	 1.530	 1.642	 1.768
0.00040	 1.26e+08	 2.34076762	 2.3402	 1.7854	 4.1563	 4.5930	 0.307	 1.353	 1.474	 1.608
0.00040	 1.26e+08	 2.50000000	 2.4993	 1.9004	 4.1733	 4.5746	 0.019	 1.156	 1.284	 1.424
0.00040	 1.26e+08	 2.66510963	 2.6642	 2.0096	 4.1881	 4.5526	-0.254	 0.963	 1.100	 1.249
0.00040	 1.26e+08	 2.92858505	 2.9274	 2.1759	 4.2084	 4.5082	-0.670	 0.656	 0.807	 0.969
0.00040	 1.26e+08	 3.00000000	 2.9987	 2.2201	 4.2132	 4.4935	-0.780	 0.573	 0.726	 0.890
0.00040	 1.26e+08	 3.16238546	 3.1608	 2.3147	 4.2223	 4.4585	-1.017	 0.388	 0.546	 0.713
0.00040	 1.26e+08	 3.35299134	 3.3510	 2.4232	 4.2307	 4.4087	-1.288	 0.164	 0.326	 0.497
0.00040	 1.26e+08	 3.50000000	 3.4977	 2.5063	 4.2354	 4.3633	-1.496	-0.019	 0.146	 0.320
0.00040	 1.26e+08	 3.52478004	 3.5224	 2.5197	 4.2362	 4.3559	-1.529	-0.048	 0.117	 0.291
0.00040	 1.26e+08	 3.66758657	 3.6648	 2.5980	 4.2392	 4.3070	-1.725	-0.229	-0.061	 0.115
0.00040	 1.26e+08	 3.79026437	 3.7870	 2.6665	 4.2397	 4.2547	-1.896	-0.399	-0.230	-0.054
0.00040	 1.26e+08	 3.89605975	 3.8924	 2.7276	 4.2386	 4.2009	-2.049	-0.559	-0.390	-0.215
0.00040	 1.26e+08	 3.98727083	 3.9832	 2.7821	 4.2357	 4.1451	-2.185	-0.712	-0.542	-0.369
0.00040	 1.26e+08	 4.00000000	 3.9959	 2.7899	 4.2352	 4.1363	-2.205	-0.735	-0.565	-0.393
0.00040	 1.26e+08	 4.07234621	 4.0678	 2.8348	 4.2309	 4.0822	-2.317	-0.871	-0.702	-0.532
0.00040	 1.26e+08	 4.14235878	 4.1374	 2.8800	 4.2255	 4.0227	-2.430	-1.016	-0.848	-0.680
0.00040	 1.26e+08	 4.17419910	 4.1690	 2.9017	 4.2231	 3.9947	-2.484	-1.084	-0.917	-0.749
0.00040	 1.26e+08	 4.20393038	 4.1986	 2.9226	 4.2215	 3.9706	-2.537	-1.146	-0.979	-0.813
0.00040	 1.26e+08	 4.21592236	 4.2105	 2.9317	 4.2217	 3.9634	-2.559	-1.168	-1.001	-0.834
0.00040	 1.26e+08	 4.23653698	 4.2309	 2.9488	 4.2253	 3.9628	-2.602	-1.191	-1.022	-0.854
0.00040	 1.26e+08	 4.24671936	 4.2410	 2.9600	 4.2320	 3.9796	-2.630	-1.180	-1.009	-0.838
0.00040	 1.26e+08	 4.25376081	 4.2480	 2.9752	 4.2461	 4.0214	-2.668	-1.144	-0.968	-0.791
0.00040	 1.26e+08	 4.25581551	 4.2501	 2.9895	 4.2574	 4.0524	-2.704	-1.119	-0.939	-0.756
0.00040	 1.26e+08	 4.25699472	 4.2512	 3.0068	 4.2675	 4.0759	-2.747	-1.107	-0.922	-0.731
0.00040	 1.26e+08	 4.25718117	 4.2514	 3.0013	 4.2658	 4.0746	-2.733	-1.102	-0.918	-0.729
0.00040	 1.26e+08	 4.25768137	 4.2519	 2.9759	 4.2503	 4.0377	-2.670	-1.123	-0.946	-0.767
0.00040	 1.26e+08	 4.25821066	 4.2524	 2.9961	 4.2356	 3.9591	-2.720	-1.252	-1.079	-0.907
0.00040	 1.26e+08	 4.25891590	 4.2531	 3.0273	 4.2203	 3.8668	-2.798	-1.418	-1.249	-1.084
0.00040	 1.26e+08	 4.25984144	 4.2540	 3.0496	 4.2026	 3.7736	-2.854	-1.575	-1.412	-1.257
0.00040	 1.26e+08	 4.26072264	 4.2549	 3.0630	 4.1862	 3.6947	-2.888	-1.693	-1.539	-1.398
0.00040	 1.26e+08	 4.26172066	 4.2559	 3.0739	 4.1674	 3.6087	-2.915	-1.821	-1.676	-1.548
0.00040	 1.26e+08	 4.26251316	 4.2567	 3.0808	 4.1513	 3.5375	-2.932	-1.931	-1.790	-1.668
0.00040	 1.26e+08	 4.26336384	 4.2575	 3.0868	 4.1325	 3.4564	-2.947	-2.045	-1.913	-1.802
0.00040	 1.26e+08	 4.26422930	 4.2584	 3.0919	 4.1109	 3.3649	-2.960	-2.167	-2.048	-1.953
0.00040	 1.26e+08	 4.26481533	 4.2589	 3.0947	 4.0944	 3.2962	-2.967	-2.264	-2.151	-2.067
0.00040	 1.26e+08	 4.26540184	 4.2595	 3.0971	 4.0758	 3.2193	-2.973	-2.365	-2.261	-2.190
0.00040	 1.26e+08	 4.26600266	 4.2601	 3.0980	 4.0537	 3.1303	-2.975	-2.475	-2.381	-2.332
0.00040	 1.26e+08	 4.26629543	 4.2604	 3.0984	 4.0416	 3.0813	-2.976	-2.532	-2.443	-2.401
0.00040	 1.26e+08	 4.26684666	 4.2609	 3.0976	 4.0160	 2.9799	-2.974	-2.648	-2.570	-2.545
0.00040	 1.26e+08	 4.26720476	 4.2613	 3.0961	 3.9966	 2.9039	-2.970	-2.731	-2.664	-2.657
0.00040	 1.26e+08	 4.26748037	 4.2615	 3.0943	 3.9802	 2.8401	-2.966	-2.790	-2.736	-2.738
0.00040	 1.26e+08	 4.26772785	 4.2618	 3.0921	 3.9638	 2.7766	-2.960	-2.841	-2.799	-2.817
0.00040	 1.26e+08	 4.26794815	 4.2620	 3.0896	 3.9477	 2.7149	-2.954	-2.881	-2.855	-2.895
0.00040	 1.26e+08	 4.26816845	 4.2622	 3.0864	 3.9300	 2.6472	-2.946	-2.908	-2.903	-2.971
0.00040	 1.26e+08	 4.26834726	 4.2624	 3.0829	 3.9130	 2.5828	-2.937	-2.912	-2.933	-3.034
0.00040	 1.26e+08	 4.26852608	 4.2625	 3.0791	 3.8957	 2.5174	-2.928	-2.896	-2.952	-3.104
0.00040	 1.26e+08	 4.26870489	 4.2627	 3.0742	 3.8753	 2.4408	-2.915	-2.842	-2.948	-3.165
0.00040	 1.26e+08	 4.26884270	 4.2628	 3.0698	 3.8588	 2.3791	-2.905	-2.776	-2.938	-3.219
0.00040	 1.26e+08	 4.26898003	 4.2630	 3.0643	 3.8395	 2.3075	-2.891	-2.676	-2.905	-3.275
0.00040	 1.26e+08	 4.26911736	 4.2631	 3.0581	 3.8194	 2.2332	-2.875	-2.551	-2.863	-3.331
0.00040	 1.26e+08	 4.26921368	 4.2632	 3.0532	 3.8050	 2.1804	-2.863	-2.459	-2.830	-3.370
0.00040	 1.26e+08	 4.26930952	 4.2633	 3.0473	 3.7883	 2.1197	-2.848	-2.360	-2.788	-3.399
0.00040	 1.26e+08	 4.26940584	 4.2634	 3.0404	 3.7717	 2.0600	-2.831	-2.250	-2.736	-3.410
0.00040	 1.26e+08	 4.26954365	 4.2635	 3.0276	 3.7537	 2.0010	-2.799	-2.114	-2.666	-3.408
0.00040	 1.26e+08	 4.26977730	 4.2637	 2.9985	 3.7367	 1.9622	-2.726	-1.944	-2.559	-3.362
0.00040	 1.26e+08	 4.27001047	 4.2639	 2.9790	 3.7261	 1.9392	-2.677	-1.820	-2.483	-3.330
0.00040	 1.26e+08	 4.27033043	 4.2642	 3.0496	 3.7144	 1.8220	-2.854	-1.903	-2.626	-3.523
0.00040	 1.26e+08	 4.27056265	 4.2644	 3.1067	 3.7102	 1.7479	-2.997	-2.007	-2.754	-3.671
0.00040	 1.26e+08	 4.27128887	 4.2651	 3.1582	 3.7070	 1.6838	-3.125	-2.108	-2.872	-3.804
0.00040	 1.26e+08	 4.27178288	 4.2655	 3.1634	 3.7068	 1.6777	-3.139	-2.119	-2.885	-3.818
0.00040	 1.26e+08	 4.30412388	 4.2932	 3.1360	 3.7138	 1.7361	-3.070	-2.112	-2.839	-3.741
0.00040	 1.26e+08	 4.31960917	 4.3066	 3.1786	 3.7311	 1.7641	-3.176	-2.355	-2.997	-3.824
0.00040	 1.26e+08	 4.32513762	 4.3113	 3.2017	 3.7587	 1.8515	-3.234	-2.583	-3.117	-3.839
0.00040	 1.26e+08	 4.32854652	 4.3143	 3.2111	 3.7843	 1.9452	-3.258	-2.758	-3.194	-3.816
0.00040	 1.26e+08	 4.33087873	 4.3163	 3.2165	 3.8006	 2.0052	-3.271	-2.858	-3.239	-3.795
0.00040	 1.26e+08	 4.33418131	 4.3193	 3.2238	 3.8214	 2.0812	-3.289	-3.001	-3.290	-3.734
0.00040	 1.26e+08	 4.33765268	 4.3224	 3.2306	 3.8402	 2.1500	-3.306	-3.116	-3.331	-3.688
0.00040	 1.26e+08	 4.34109068	 4.3255	 3.2369	 3.8566	 2.2097	-3.322	-3.206	-3.361	-3.645
0.00040	 1.26e+08	 4.34497786	 4.3290	 3.2435	 3.8732	 2.2696	-3.339	-3.276	-3.378	-3.600
0.00040	 1.26e+08	 4.34945965	 4.3330	 3.2506	 3.8899	 2.3297	-3.357	-3.331	-3.389	-3.553
0.00040	 1.26e+08	 4.35434341	 4.3375	 3.2577	 3.9058	 2.3867	-3.374	-3.363	-3.390	-3.510
0.00040	 1.26e+08	 4.35965300	 4.3424	 3.2651	 3.9210	 2.4406	-3.393	-3.372	-3.372	-3.454
0.00040	 1.26e+08	 4.36611366	 4.3483	 3.2738	 3.9378	 2.4995	-3.414	-3.371	-3.348	-3.404
0.00040	 1.26e+08	 4.37294674	 4.3546	 3.2824	 3.9542	 2.5572	-3.436	-3.353	-3.315	-3.345
0.00040	 1.26e+08	 4.37955475	 4.3608	 3.2904	 3.9689	 2.6088	-3.456	-3.324	-3.274	-3.289
0.00040	 1.26e+08	 4.38761854	 4.3683	 3.2995	 3.9848	 2.6640	-3.479	-3.287	-3.228	-3.233
0.00040	 1.26e+08	 4.39728689	 4.3773	 3.3100	 4.0000	 2.7152	-3.505	-3.249	-3.179	-3.175
0.00040	 1.26e+08	 4.40903711	 4.3883	 3.3223	 4.0154	 2.7658	-3.536	-3.211	-3.134	-3.114
0.00040	 1.26e+08	 4.42294216	 4.4013	 3.3360	 4.0313	 2.8166	-3.570	-3.172	-3.087	-3.055
0.00040	 1.26e+08	 4.44264603	 4.4198	 3.3548	 4.0456	 2.8572	-3.617	-3.153	-3.061	-3.021
0.00040	 1.26e+08	 4.45614624	 4.4325	 3.3678	 4.0528	 2.8739	-3.649	-3.154	-3.058	-3.015
0.00040	 1.26e+08	 4.48112154	 4.4558	 3.3921	 4.0407	 2.8035	-3.710	-3.268	-3.178	-3.142
0.00040	 1.26e+08	 4.49252510	 4.4664	 3.4044	 4.0256	 2.7318	-3.741	-3.369	-3.287	-3.260
0.00040	 1.26e+08	 4.49837112	 4.4718	 3.4116	 4.0105	 2.6651	-3.759	-3.455	-3.380	-3.367
0.00040	 1.26e+08	 4.50000000	 4.4732	 3.4134	 4.0047	 2.6401	-3.764	-3.486	-3.413	-3.406
0.00040	 1.26e+08	 4.50264549	 4.4757	 3.4161	 3.9936	 2.5931	-3.770	-3.540	-3.476	-3.479
0.00040	 1.26e+08	 4.50505352	 4.4778	 3.4185	 3.9741	 2.5129	-3.776	-3.629	-3.573	-3.586
0.00040	 1.26e+08	 4.50624752	 4.4789	 3.4186	 3.9553	 2.4379	-3.776	-3.691	-3.650	-3.681
0.00040	 1.26e+08	 4.50687122	 4.4795	 3.4181	 3.9404	 2.3786	-3.775	-3.728	-3.700	-3.755
0.00040	 1.26e+08	 4.50738716	 4.4799	 3.4163	 3.9221	 2.3072	-3.771	-3.754	-3.749	-3.830
0.00040	 1.26e+08	 4.50779676	 4.4803	 3.4129	 3.9001	 2.2228	-3.762	-3.760	-3.790	-3.923
0.00040	 1.26e+08	 4.50811720	 4.4806	 3.4062	 3.8732	 2.1220	-3.745	-3.698	-3.791	-4.009
0.00040	 1.26e+08	 4.50824165	 4.4807	 3.4012	 3.8580	 2.0659	-3.733	-3.643	-3.779	-4.051
0.00040	 1.26e+08	 4.50834846	 4.4807	 3.3949	 3.8415	 2.0066	-3.717	-3.551	-3.753	-4.096
0.00040	 1.26e+08	 4.50843716	 4.4808	 3.3873	 3.8252	 1.9491	-3.698	-3.456	-3.713	-4.124
0.00040	 1.26e+08	 4.50850868	 4.4809	 3.3779	 3.8081	 1.8898	-3.675	-3.322	-3.661	-4.166
0.00040	 1.26e+08	 4.50856209	 4.4809	 3.3689	 3.7934	 1.8400	-3.652	-3.221	-3.613	-4.186
0.00040	 1.26e+08	 4.50861502	 4.4810	 3.3584	 3.7778	 1.7883	-3.626	-3.098	-3.554	-4.201
0.00040	 1.26e+08	 4.50868654	 4.4810	 3.3383	 3.7509	 1.7009	-3.576	-2.885	-3.447	-4.195
0.00040	 1.26e+08	 4.50873995	 4.4811	 3.3178	 3.7366	 1.6640	-3.525	-2.745	-3.362	-4.166
0.00040	 1.26e+08	 4.50884628	 4.4812	 3.2817	 3.7233	 1.6467	-3.434	-2.552	-3.233	-4.096
0.00040	 1.26e+08	 4.50898886	 4.4813	 3.3050	 3.7086	 1.5649	-3.493	-2.486	-3.245	-4.172
0.00040	 1.26e+08	 4.50905991	 4.4813	 3.3676	 3.7031	 1.4802	-3.649	-2.594	-3.383	-4.336
0.00040	 1.26e+08	 4.50922012	 4.4814	 3.4318	 3.6991	 1.4000	-3.809	-2.716	-3.530	-4.501
0.00040	 1.26e+08	 4.51014471	 4.4820	 3.4959	 3.6936	 1.3138	-3.970	-2.815	-3.665	-4.664
0.00040	 1.26e+08	 4.51060677	 4.4822	 3.5642	 3.6890	 1.2271	-4.141	-2.932	-3.815	-4.836
0.00040	 1.26e+08	 4.51128197	 4.4824	 3.6291	 3.6851	 1.1470	-4.303	-3.049	-3.960	-5.000
0.00040	 1.26e+08	 4.51211643	 4.4826	 3.6957	 3.6816	 1.0663	-4.469	-3.174	-4.110	-5.168
0.00040	 1.26e+08	 4.51284456	 4.4825	 3.7573	 3.6779	 0.9900	-4.623	-3.282	-4.247	-5.324
0.00040	 1.26e+08	 4.51355410	 4.4822	 3.8276	 3.6738	 0.9029	-4.799	-3.396	-4.398	-5.500
0.00040	 1.26e+08	 4.51415730	 4.4818	 3.8986	 3.6695	 0.8148	-4.976	-3.507	-4.548	-5.679
0.00040	 1.26e+08	 4.51465368	 4.4811	 3.9664	 3.6650	 0.7290	-5.146	-3.605	-4.688	-5.850
0.00040	 1.26e+08	 4.51504374	 4.4803	 4.0288	 3.6611	 0.6510	-5.302	-3.698	-4.818	-6.007
0.00040	 1.26e+08	 4.51538086	 4.4794	 4.0871	 3.6573	 0.5771	-5.448	-3.779	-4.937	-6.155
0.00040	 1.26e+08	 4.51578808	 4.4780	 4.1471	 3.6553	 0.5093	-5.598	-3.892	-5.073	-6.308
0.00040	 1.26e+08	 4.51605415	 4.4767	 4.2060	 3.6526	 0.4392	-5.745	-3.985	-5.197	-6.455
0.00040	 1.26e+08	 4.51649666	 4.4746	 4.1482	 3.6568	 0.5138	-5.600	-3.915	-5.085	-6.311
0.00040	 1.26e+08	 4.51662064	 4.4740	 4.2036	 3.6529	 0.4427	-5.739	-3.985	-5.194	-6.450
0.00040	 1.26e+08	 4.51676273	 4.4731	 4.2602	 3.6491	 0.3708	-5.881	-4.056	-5.298	-6.583
0.00040	 1.26e+08	 4.51688671	 4.4722	 4.3186	 3.6448	 0.2951	-6.026	-4.124	-5.402	-6.719
0.00040	 1.26e+08	 4.51688671	 4.4722	 4.3185	 3.6448	 0.2952	-6.026	-4.124	-5.401	-6.719
0.00040	 1.26e+08	 4.51696444	 4.4715	 4.3310	 3.6440	 0.2793	-6.057	-4.140	-5.424	-6.748
0.00040	 1.26e+08	 4.51704264	 4.4707	 4.3435	 3.6431	 0.2634	-6.089	-4.157	-5.447	-6.778
0.00040	 1.26e+08	 4.51712084	 4.4700	 4.3560	 3.6423	 0.2475	-6.120	-4.173	-5.470	-6.807
0.00040	 1.26e+08	 4.51719904	 4.4691	 4.3686	 3.6415	 0.2316	-6.151	-4.189	-5.493	-6.837
0.00040	 1.26e+08	 4.51727724	 4.4683	 4.3811	 3.6407	 0.2157	-6.183	-4.205	-5.516	-6.867
0.00040	 1.26e+08	 4.51735544	 4.4674	 4.3936	 3.6398	 0.1997	-6.214	-4.222	-5.538	-6.896
0.00040	 1.26e+08	 4.51743364	 4.4664	 4.4062	 3.6390	 0.1838	-6.245	-4.238	-5.561	-6.926
0.00040	 1.26e+08	 4.51807070	 4.4582	 4.4180	 3.6382	 0.1678	-6.275	-4.252	-5.582	-6.954
0.00040	 1.26e+08	 4.51869631	 4.4497	 4.4301	 3.6374	 0.1517	-6.305	-4.268	-5.603	-6.983
0.00040	 1.26e+08	 4.51932573	 4.4408	 4.4411	 3.6366	 0.1369	-6.333	-4.282	-5.623	-7.009
0.00040	 1.26e+08	 4.52011538	 4.4290	 4.4533	 3.6358	 0.1203	-6.363	-4.297	-5.645	-7.038
0.00040	 1.26e+08	 4.52090645	 4.4165	 4.4655	 3.6350	 0.1036	-6.394	-4.313	-5.667	-7.067
0.00040	 1.26e+08	 4.52169943	 4.4034	 4.4777	 3.6342	 0.0868	-6.424	-4.329	-5.688	-7.096
0.00040	 1.26e+08	 4.52249384	 4.3896	 4.4899	 3.6334	 0.0700	-6.455	-4.344	-5.710	-7.125
0.00040	 1.26e+08	 4.52328968	 4.3749	 4.5020	 3.6326	 0.0532	-6.485	-4.360	-5.731	-7.154
0.00040	 1.26e+08	 4.52408791	 4.3595	 4.5141	 3.6317	 0.0362	-6.515	-4.375	-5.752	-7.183
0.00040	 1.26e+08	 4.52488804	 4.3432	 4.5262	 3.6309	 0.0193	-6.546	-4.390	-5.774	-7.212
0.00040	 1.26e+08	 4.52569056	 4.3260	 4.5383	 3.6301	 0.0022	-6.576	-4.406	-5.795	-7.241
0.00040	 1.26e+08	 4.52649593	 4.3078	 4.5504	 3.6293	-0.0149	-6.606	-4.424	-5.817	-7.269
0.00040	 1.26e+08	 4.52730370	 4.2887	 4.5624	 3.6285	-0.0322	-6.636	-4.443	-5.840	-7.297
0.00040	 1.26e+08	 4.52811480	 4.2684	 4.5744	 3.6277	-0.0495	-6.666	-4.462	-5.863	-7.325
0.00040	 1.26e+08	 4.52892923	 4.2469	 4.5863	 3.6268	-0.0669	-6.696	-4.481	-5.884	-7.352
0.00040	 1.26e+08	 4.52974701	 4.2242	 4.5983	 3.6260	-0.0844	-6.726	-4.501	-5.906	-7.380
0.00040	 1.26e+08	 4.53055954	 4.2005	 4.6100	 3.6252	-0.1018	-6.755	-4.520	-5.927	-7.407
0.00040	 1.26e+08	 4.53133488	 4.1766	 4.6212	 3.6245	-0.1185	-6.783	-4.538	-5.947	-7.432
0.00040	 1.26e+08	 4.53207445	 4.1527	 4.6317	 3.6237	-0.1344	-6.809	-4.555	-5.966	-7.456
0.00040	 1.26e+08	 4.53278112	 4.1289	 4.6417	 3.6230	-0.1497	-6.834	-4.571	-5.985	-7.479
0.00040	 1.26e+08	 4.53359032	 4.1002	 4.6530	 3.6223	-0.1671	-6.862	-4.589	-6.005	-7.505
0.00040	 1.26e+08	 4.53435993	 4.0715	 4.6636	 3.6215	-0.1838	-6.889	-4.607	-6.024	-7.529
0.00040	 1.26e+08	 4.53509378	 4.0429	 4.6736	 3.6208	-0.1997	-6.914	-4.623	-6.042	-7.552
0.00040	 1.26e+08	 4.53590965	 4.0094	 4.6846	 3.6200	-0.2175	-6.942	-4.640	-6.062	-7.577
0.00040	 1.26e+08	 4.53668547	 3.9759	 4.6950	 3.6193	-0.2344	-6.967	-4.657	-6.080	-7.601
0.00040	 1.26e+08	 4.53752851	 3.9377	 4.7060	 3.6185	-0.2528	-6.995	-4.675	-6.100	-7.626
0.00040	 1.26e+08	 4.53764772	 3.9321	 4.7076	 3.6184	-0.2554	-6.999	-4.677	-6.103	-7.629
0.00040	 1.58e+08	 0.15000001	 0.1500	-2.3033	 3.5907	 5.2263	10.528	12.906	11.547	 9.824
0.00040	 1.58e+08	 0.20000000	 0.2000	-2.0075	 3.6158	 5.1558	 9.789	11.778	10.576	 9.102
0.00040	 1.58e+08	 0.25000000	 0.2500	-1.7954	 3.6285	 5.0914	 9.258	11.055	 9.937	 8.566
0.00040	 1.58e+08	 0.30000001	 0.3000	-1.6569	 3.6372	 5.0669	 8.912	10.601	 9.531	 8.223
0.00040	 1.58e+08	 0.34999999	 0.3500	-1.5353	 3.6446	 5.0419	 8.608	10.205	 9.177	 7.923
0.00040	 1.58e+08	 0.40000001	 0.4000	-1.4182	 3.6513	 5.0096	 8.316	 9.827	 8.837	 7.634
0.00040	 1.58e+08	 0.44999999	 0.4500	-1.2806	 3.6596	 4.9564	 7.972	 9.400	 8.446	 7.293
0.00040	 1.58e+08	 0.50000000	 0.5000	-1.1502	 3.6694	 4.9106	 7.646	 8.984	 8.067	 6.969
0.00040	 1.58e+08	 0.60000002	 0.6000	-0.8438	 3.7038	 4.8210	 6.880	 7.928	 7.146	 6.214
0.00040	 1.58e+08	 0.69999999	 0.7000	-0.5407	 3.7447	 4.7486	 6.122	 6.917	 6.296	 5.510
0.00040	 1.58e+08	 0.80000001	 0.8000	-0.2623	 3.7817	 4.6763	 5.426	 6.056	 5.562	 4.894
0.00040	 1.58e+08	 0.89999998	 0.9000	-0.0135	 3.8130	 4.6039	 4.804	 5.318	 4.916	 4.346
0.00040	 1.58e+08	 0.98564959	 0.9856	 0.1765	 3.8388	 4.5563	 4.329	 4.768	 4.425	 3.944
0.00040	 1.58e+08	 1.00000000	 1.0000	 0.2064	 3.8428	 4.5489	 4.254	 4.682	 4.347	 3.879
0.00040	 1.58e+08	 1.10000002	 1.0999	 0.4001	 3.8746	 4.5235	 3.770	 4.103	 3.841	 3.489
0.00040	 1.58e+08	 1.20000005	 1.1999	 0.5718	 3.9120	 4.5394	 3.341	 3.582	 3.413	 3.224
0.00040	 1.58e+08	 1.29999995	 1.2999	 0.7269	 3.9468	 4.5582	 2.953	 3.169	 3.076	 2.996
0.00040	 1.58e+08	 1.39999998	 1.3999	 0.8671	 3.9780	 4.5749	 2.602	 2.850	 2.814	 2.802
0.00040	 1.58e+08	 1.50000000	 1.4998	 0.9961	 4.0062	 4.5887	 2.280	 2.618	 2.619	 2.645
0.00040	 1.58e+08	 1.60000002	 1.5998	 1.1180	 4.0322	 4.5991	 1.975	 2.411	 2.446	 2.497
0.00040	 1.58e+08	 1.67730939	 1.6771	 1.2055	 4.0504	 4.6046	 1.756	 2.273	 2.322	 2.392
0.00040	 1.58e+08	 1.70000005	 1.6998	 1.2302	 4.0554	 4.6060	 1.695	 2.234	 2.286	 2.361
0.00040	 1.58e+08	 1.75000000	 1.7497	 1.2824	 4.0659	 4.6081	 1.564	 2.151	 2.211	 2.294
0.00040	 1.58e+08	 1.78291702	 1.7826	 1.3165	 4.0725	 4.6086	 1.479	 2.096	 2.163	 2.249
0.00040	 1.58e+08	 1.79999995	 1.7997	 1.3341	 4.0759	 4.6086	 1.435	 2.067	 2.137	 2.226
0.00040	 1.58e+08	 1.89999998	 1.8996	 1.4328	 4.0943	 4.6073	 1.188	 1.909	 1.993	 2.092
0.00040	 1.58e+08	 2.00000000	 1.9996	 1.5246	 4.1109	 4.6040	 0.959	 1.766	 1.860	 1.969
0.00040	 1.58e+08	 2.13707852	 2.1365	 1.6435	 4.1308	 4.5933	 0.661	 1.573	 1.680	 1.800
0.00040	 1.58e+08	 2.20000005	 2.1994	 1.6968	 4.1392	 4.5864	 0.528	 1.484	 1.596	 1.722
0.00040	 1.58e+08	 2.40747309	 2.4067	 1.8565	 4.1624	 4.5585	 0.129	 1.207	 1.331	 1.467
0.00040	 1.58e+08	 2.50000000	 2.4991	 1.9248	 4.1712	 4.5419	-0.042	 1.083	 1.211	 1.350
0.00040	 1.58e+08	 2.64168835	 2.6406	 2.0230	 4.1831	 4.5152	-0.287	 0.901	 1.036	 1.181
0.00040	 1.58e+08	 2.83376002	 2.8323	 2.1532	 4.1968	 4.4700	-0.613	 0.648	 0.793	 0.948
0.00040	 1.58e+08	 2.99241138	 2.9906	 2.2571	 4.2052	 4.4236	-0.873	 0.433	 0.585	 0.745
0.00040	 1.58e+08	 3.00000000	 2.9982	 2.2620	 4.2056	 4.4212	-0.885	 0.423	 0.575	 0.735
0.00040	 1.58e+08	 3.00333905	 3.0015	 2.2641	 4.2058	 4.4202	-0.890	 0.418	 0.571	 0.731
0.00040	 1.58e+08	 3.14889884	 3.1467	 2.3559	 4.2110	 4.3698	-1.120	 0.218	 0.373	 0.536
0.00040	 1.58e+08	 3.27342892	 3.2709	 2.4345	 4.2136	 4.3184	-1.316	 0.035	 0.192	 0.356
0.00040	 1.58e+08	 3.38005662	 3.3771	 2.5020	 4.2136	 4.2650	-1.485	-0.134	 0.024	 0.188
0.00040	 1.58e+08	 3.47225523	 3.4689	 2.5614	 4.2119	 4.2106	-1.633	-0.293	-0.135	 0.028
0.00040	 1.58e+08	 3.50000000	 3.4966	 2.5796	 4.2109	 4.1916	-1.679	-0.345	-0.187	-0.024
0.00040	 1.58e+08	 3.55817819	 3.5545	 2.6175	 4.2087	 4.1521	-1.774	-0.454	-0.295	-0.133
0.00040	 1.58e+08	 3.62738943	 3.6233	 2.6639	 4.2048	 4.0985	-1.890	-0.593	-0.435	-0.274
0.00040	 1.58e+08	 3.68991113	 3.6855	 2.7085	 4.1994	 4.0396	-2.001	-0.734	-0.578	-0.421
0.00040	 1.58e+08	 3.71782899	 3.7132	 2.7294	 4.1969	 4.0120	-2.054	-0.799	-0.644	-0.489
0.00040	 1.58e+08	 3.74429131	 3.7395	 2.7501	 4.1954	 3.9883	-2.105	-0.859	-0.704	-0.551
0.00040	 1.58e+08	 3.75702953	 3.7521	 2.7607	 4.1955	 3.9796	-2.132	-0.885	-0.730	-0.577
0.00040	 1.58e+08	 3.77433610	 3.7693	 2.7768	 4.1988	 3.9788	-2.172	-0.908	-0.752	-0.596
0.00040	 1.58e+08	 3.78393912	 3.7788	 2.7883	 4.2051	 3.9934	-2.201	-0.905	-0.744	-0.584
0.00040	 1.58e+08	 3.79058862	 3.7854	 2.8049	 4.2191	 4.0335	-2.242	-0.865	-0.700	-0.534
0.00040	 1.58e+08	 3.79252362	 3.7873	 2.8200	 4.2307	 4.0653	-2.280	-0.835	-0.666	-0.496
0.00040	 1.58e+08	 3.79361892	 3.7884	 2.8403	 4.2420	 4.0901	-2.331	-0.826	-0.653	-0.477
0.00040	 1.58e+08	 3.79377842	 3.7886	 2.8349	 4.2405	 4.0895	-2.317	-0.820	-0.648	-0.473
0.00040	 1.58e+08	 3.79422164	 3.7890	 2.8079	 4.2249	 4.0541	-2.250	-0.838	-0.671	-0.503
0.00040	 1.58e+08	 3.79471397	 3.7895	 2.8283	 4.2102	 3.9750	-2.301	-0.976	-0.813	-0.651
0.00040	 1.58e+08	 3.79538321	 3.7902	 2.8591	 4.1947	 3.8822	-2.378	-1.137	-0.981	-0.830
0.00040	 1.58e+08	 3.79625893	 3.7910	 2.8801	 4.1769	 3.7901	-2.430	-1.280	-1.135	-0.999
0.00040	 1.58e+08	 3.79711485	 3.7919	 2.8928	 4.1602	 3.7108	-2.462	-1.407	-1.267	-1.140
0.00040	 1.58e+08	 3.79809809	 3.7928	 2.9031	 4.1407	 3.6227	-2.488	-1.542	-1.408	-1.291
0.00040	 1.58e+08	 3.79889417	 3.7936	 2.9095	 4.1238	 3.5486	-2.504	-1.645	-1.520	-1.413
0.00040	 1.58e+08	 3.79973912	 3.7944	 2.9148	 4.1042	 3.4650	-2.517	-1.759	-1.645	-1.551
0.00040	 1.58e+08	 3.80060339	 3.7953	 2.9190	 4.0813	 3.3692	-2.528	-1.889	-1.785	-1.706
0.00040	 1.58e+08	 3.80119252	 3.7959	 2.9215	 4.0635	 3.2959	-2.534	-1.985	-1.890	-1.831
0.00040	 1.58e+08	 3.80179143	 3.7965	 2.9222	 4.0428	 3.2125	-2.536	-2.083	-1.996	-1.951
0.00040	 1.58e+08	 3.80208564	 3.7967	 2.9224	 4.0312	 3.1658	-2.536	-2.138	-2.057	-2.018
0.00040	 1.58e+08	 3.80263042	 3.7973	 2.9219	 4.0073	 3.0706	-2.535	-2.249	-2.178	-2.160
0.00040	 1.58e+08	 3.80316567	 3.7978	 2.9196	 3.9792	 2.9608	-2.529	-2.355	-2.303	-2.303
0.00040	 1.58e+08	 3.80343318	 3.7981	 2.9175	 3.9634	 2.8997	-2.524	-2.403	-2.364	-2.380
0.00040	 1.58e+08	 3.80370069	 3.7983	 2.9147	 3.9457	 2.8319	-2.517	-2.444	-2.424	-2.468
0.00040	 1.58e+08	 3.80396795	 3.7986	 2.9109	 3.9257	 2.7557	-2.507	-2.468	-2.475	-2.551
0.00040	 1.58e+08	 3.80419064	 3.7988	 2.9068	 3.9073	 2.6863	-2.497	-2.461	-2.502	-2.622
0.00040	 1.58e+08	 3.80437779	 3.7990	 2.9024	 3.8901	 2.6217	-2.486	-2.433	-2.510	-2.682
0.00040	 1.58e+08	 3.80455589	 3.7991	 2.8972	 3.8712	 2.5513	-2.473	-2.371	-2.501	-2.739
0.00040	 1.58e+08	 3.80472493	 3.7993	 2.8916	 3.8518	 2.4794	-2.459	-2.283	-2.479	-2.796
0.00040	 1.58e+08	 3.80484986	 3.7994	 2.8866	 3.8359	 2.4206	-2.446	-2.196	-2.450	-2.845
0.00040	 1.58e+08	 3.80497432	 3.7995	 2.8807	 3.8183	 2.3563	-2.432	-2.084	-2.410	-2.893
0.00040	 1.58e+08	 3.80509901	 3.7997	 2.8739	 3.7994	 2.2874	-2.415	-1.974	-2.368	-2.938
0.00040	 1.58e+08	 3.80523252	 3.7998	 2.8653	 3.7790	 2.2143	-2.393	-1.850	-2.311	-2.957
0.00040	 1.58e+08	 3.80540156	 3.7999	 2.8509	 3.7588	 2.1479	-2.357	-1.697	-2.232	-2.956
0.00040	 1.58e+08	 3.80565953	 3.8002	 2.8209	 3.7414	 2.1086	-2.282	-1.526	-2.123	-2.910
0.00040	 1.58e+08	 3.80592632	 3.8004	 2.7993	 3.7300	 2.0846	-2.228	-1.396	-2.042	-2.872
0.00040	 1.58e+08	 3.80620027	 3.8007	 2.8499	 3.7207	 1.9966	-2.355	-1.459	-2.146	-3.014
0.00040	 1.58e+08	 3.80640197	 3.8009	 2.9015	 3.7160	 1.9264	-2.484	-1.548	-2.260	-3.149
0.00040	 1.58e+08	 3.80684495	 3.8013	 2.9585	 3.7123	 1.8548	-2.626	-1.658	-2.391	-3.296
0.00040	 1.58e+08	 3.80779386	 3.8021	 3.0025	 3.7099	 1.8010	-2.736	-1.745	-2.492	-3.410
0.00040	 1.58e+08	 3.82913733	 3.8207	 2.9742	 3.7146	 1.8504	-2.666	-1.716	-2.438	-3.334
0.00040	 1.58e+08	 3.84487534	 3.8345	 2.9640	 3.7184	 1.8774	-2.640	-1.724	-2.425	-3.304
0.00040	 1.58e+08	 3.86097074	 3.8487	 3.0106	 3.7365	 1.9048	-2.757	-1.974	-2.589	-3.394
0.00040	 1.58e+08	 3.86772847	 3.8546	 3.0378	 3.7631	 1.9844	-2.824	-2.194	-2.712	-3.420
0.00040	 1.58e+08	 3.87201142	 3.8583	 3.0496	 3.7886	 2.0751	-2.854	-2.369	-2.795	-3.405
0.00040	 1.58e+08	 3.87530518	 3.8613	 3.0575	 3.8076	 2.1435	-2.874	-2.487	-2.847	-3.372
0.00040	 1.58e+08	 3.87819505	 3.8639	 3.0640	 3.8232	 2.1996	-2.890	-2.597	-2.887	-3.331
0.00040	 1.58e+08	 3.88174939	 3.8671	 3.0713	 3.8399	 2.2596	-2.908	-2.701	-2.926	-3.291
0.00040	 1.58e+08	 3.88552237	 3.8705	 3.0785	 3.8551	 2.3138	-2.926	-2.789	-2.959	-3.254
0.00040	 1.58e+08	 3.89007044	 3.8746	 3.0867	 3.8715	 2.3715	-2.947	-2.867	-2.982	-3.213
0.00040	 1.58e+08	 3.89543295	 3.8795	 3.0958	 3.8889	 2.4327	-2.969	-2.935	-3.001	-3.170
0.00040	 1.58e+08	 3.90088749	 3.8845	 3.1045	 3.9047	 2.4877	-2.991	-2.972	-3.007	-3.132
0.00040	 1.58e+08	 3.90719080	 3.8903	 3.1140	 3.9214	 2.5455	-3.015	-2.989	-2.993	-3.075
0.00040	 1.58e+08	 3.91350913	 3.8961	 3.1232	 3.9372	 2.6002	-3.038	-2.991	-2.973	-3.030
0.00040	 1.58e+08	 3.92033744	 3.9025	 3.1326	 3.9527	 2.6534	-3.061	-2.979	-2.946	-2.978
0.00040	 1.58e+08	 3.92812872	 3.9097	 3.1428	 3.9679	 2.7049	-3.087	-2.957	-2.909	-2.923
0.00040	 1.58e+08	 3.93666053	 3.9177	 3.1533	 3.9820	 2.7515	-3.113	-2.932	-2.875	-2.879
0.00040	 1.58e+08	 3.94763446	 3.9279	 3.1663	 3.9970	 2.7997	-3.146	-2.904	-2.837	-2.832
0.00040	 1.58e+08	 3.96299148	 3.9423	 3.1835	 4.0134	 2.8498	-3.189	-2.874	-2.797	-2.778
0.00040	 1.58e+08	 3.98608589	 3.9639	 3.2108	 4.0294	 2.8888	-3.257	-2.868	-2.784	-2.752
0.00040	 1.58e+08	 3.98921418	 3.9668	 3.2148	 4.0309	 2.8910	-3.267	-2.872	-2.787	-2.754
0.00040	 1.58e+08	 4.00000000	 3.9768	 3.2255	 4.0239	 2.8535	-3.294	-2.931	-2.849	-2.821
0.00040	 1.58e+08	 4.01051760	 3.9866	 3.2357	 4.0171	 2.8171	-3.319	-2.987	-2.909	-2.887
0.00040	 1.58e+08	 4.02030993	 3.9957	 3.2471	 4.0019	 2.7460	-3.348	-3.084	-3.013	-3.007
0.00040	 1.58e+08	 4.02533054	 4.0003	 3.2534	 3.9868	 2.6801	-3.363	-3.163	-3.103	-3.107
0.00040	 1.58e+08	 4.02877378	 4.0034	 3.2580	 3.9685	 2.6023	-3.375	-3.245	-3.195	-3.211
0.00040	 1.58e+08	 4.03087044	 4.0053	 3.2599	 3.9481	 2.5193	-3.380	-3.314	-3.279	-3.319
0.00040	 1.58e+08	 4.03184032	 4.0062	 3.2595	 3.9298	 2.4465	-3.379	-3.349	-3.336	-3.405
0.00040	 1.58e+08	 4.03236103	 4.0066	 3.2587	 3.9145	 2.3862	-3.377	-3.364	-3.372	-3.467
0.00040	 1.58e+08	 4.03280973	 4.0070	 3.2566	 3.8961	 2.3145	-3.372	-3.357	-3.400	-3.546
0.00040	 1.58e+08	 4.03317308	 4.0073	 3.2525	 3.8734	 2.2281	-3.361	-3.303	-3.402	-3.622
0.00040	 1.58e+08	 4.03345203	 4.0076	 3.2450	 3.8454	 2.1236	-3.343	-3.180	-3.375	-3.708
0.00040	 1.58e+08	 4.03356075	 4.0077	 3.2394	 3.8298	 2.0665	-3.329	-3.101	-3.345	-3.739
0.00040	 1.58e+08	 4.03364611	 4.0077	 3.2321	 3.8130	 2.0068	-3.310	-2.969	-3.300	-3.790
0.00040	 1.58e+08	 4.03373051	 4.0078	 3.2235	 3.7957	 1.9463	-3.289	-2.856	-3.250	-3.825
0.00040	 1.58e+08	 4.03377914	 4.0078	 3.2144	 3.7802	 1.8933	-3.266	-2.746	-3.195	-3.833
0.00040	 1.58e+08	 4.03383970	 4.0079	 3.2035	 3.7650	 1.8432	-3.239	-2.626	-3.136	-3.834
0.00040	 1.58e+08	 4.03389978	 4.0079	 3.1827	 3.7481	 1.7966	-3.187	-2.477	-3.049	-3.809
0.00040	 1.58e+08	 4.03399611	 4.0080	 3.1441	 3.7319	 1.7706	-3.090	-2.275	-2.913	-3.737
0.00040	 1.58e+08	 4.03411627	 4.0081	 3.1141	 3.7179	 1.7443	-3.015	-2.092	-2.798	-3.682
0.00040	 1.58e+08	 4.03420067	 4.0082	 3.1665	 3.7100	 1.6605	-3.146	-2.154	-2.903	-3.823
0.00040	 1.58e+08	 4.03424883	 4.0082	 3.2232	 3.7054	 1.5854	-3.288	-2.254	-3.029	-3.970
0.00040	 1.58e+08	 4.03433323	 4.0083	 3.2875	 3.7010	 1.5034	-3.449	-2.376	-3.175	-4.137
0.00040	 1.58e+08	 4.03531981	 4.0089	 3.3646	 3.6955	 1.4045	-3.641	-2.511	-3.346	-4.333
0.00040	 1.58e+08	 4.03576517	 4.0091	 3.4296	 3.6914	 1.3229	-3.804	-2.626	-3.489	-4.498
0.00040	 1.58e+08	 4.03645039	 4.0093	 3.5003	 3.6875	 1.2366	-3.981	-2.757	-3.648	-4.676
0.00040	 1.58e+08	 4.03707552	 4.0094	 3.5624	 3.6838	 1.1600	-4.136	-2.869	-3.787	-4.833
0.00040	 1.58e+08	 4.03768826	 4.0093	 3.6291	 3.6802	 1.0789	-4.303	-2.992	-3.937	-5.001
0.00040	 1.58e+08	 4.03831339	 4.0091	 3.7026	 3.6761	 0.9890	-4.486	-3.124	-4.101	-5.186
0.00040	 1.58e+08	 4.03880548	 4.0086	 3.7699	 3.6722	 0.9060	-4.655	-3.233	-4.245	-5.355
0.00040	 1.58e+08	 4.03923798	 4.0080	 3.8388	 3.6679	 0.8195	-4.827	-3.337	-4.389	-5.528
0.00040	 1.58e+08	 4.03959799	 4.0073	 3.9041	 3.6635	 0.7368	-4.990	-3.431	-4.523	-5.692
0.00040	 1.58e+08	 4.03991032	 4.0064	 3.9669	 3.6595	 0.6580	-5.147	-3.523	-4.653	-5.851
0.00040	 1.58e+08	 4.04017448	 4.0053	 4.0259	 3.6558	 0.5838	-5.295	-3.607	-4.775	-6.001
0.00040	 1.58e+08	 4.04040241	 4.0042	 4.0826	 3.6525	 0.5137	-5.437	-3.691	-4.893	-6.144
0.00040	 1.58e+08	 4.04070234	 4.0022	 4.1409	 3.6504	 0.4469	-5.582	-3.793	-5.017	-6.286
0.00040	 1.58e+08	 4.04094219	 4.0002	 4.1925	 3.6471	 0.3822	-5.711	-3.861	-5.114	-6.408
0.00040	 1.58e+08	 4.04109859	 3.9989	 4.1362	 3.6509	 0.4532	-5.570	-3.789	-5.009	-6.276
0.00040	 1.58e+08	 4.04113436	 3.9987	 4.0775	 3.6549	 0.5279	-5.424	-3.714	-4.896	-6.133
0.00040	 1.58e+08	 4.04121828	 3.9982	 4.1341	 3.6512	 0.4568	-5.565	-3.790	-5.008	-6.271
0.00040	 1.58e+08	 4.04132652	 3.9973	 4.1930	 3.6471	 0.3812	-5.712	-3.862	-5.115	-6.409
0.00040	 1.58e+08	 4.04138660	 3.9967	 4.2386	 3.6438	 0.3223	-5.826	-3.916	-5.196	-6.515
0.00040	 1.58e+08	 4.04145527	 3.9959	 4.2512	 3.6430	 0.3062	-5.858	-3.932	-5.219	-6.545
0.00040	 1.58e+08	 4.04152441	 3.9951	 4.2638	 3.6421	 0.2902	-5.890	-3.949	-5.242	-6.575
0.00040	 1.58e+08	 4.04159355	 3.9942	 4.2765	 3.6413	 0.2741	-5.921	-3.965	-5.265	-6.605
0.00040	 1.58e+08	 4.04166269	 3.9933	 4.2891	 3.6405	 0.2580	-5.953	-3.981	-5.288	-6.635
0.00040	 1.58e+08	 4.04173136	 3.9923	 4.3017	 3.6396	 0.2420	-5.984	-3.998	-5.311	-6.665
0.00040	 1.58e+08	 4.04179907	 3.9913	 4.3144	 3.6388	 0.2259	-6.016	-4.014	-5.334	-6.695
0.00040	 1.58e+08	 4.04185343	 3.9905	 4.3239	 3.6382	 0.2137	-6.040	-4.027	-5.351	-6.717
0.00040	 1.58e+08	 4.04192162	 3.9894	 4.3355	 3.6374	 0.1990	-6.069	-4.042	-5.372	-6.745
0.00040	 1.58e+08	 4.04197598	 3.9885	 4.3447	 3.6368	 0.1872	-6.092	-4.054	-5.389	-6.767
0.00040	 1.58e+08	 4.04203081	 3.9875	 4.3539	 3.6362	 0.1755	-6.115	-4.066	-5.406	-6.789
0.00040	 1.58e+08	 4.04247141	 3.9795	 4.3655	 3.6354	 0.1598	-6.144	-4.080	-5.426	-6.816
0.00040	 1.58e+08	 4.04289961	 3.9714	 4.3773	 3.6346	 0.1439	-6.173	-4.095	-5.447	-6.844
0.00040	 1.58e+08	 4.04332924	 3.9628	 4.3890	 3.6338	 0.1281	-6.203	-4.110	-5.468	-6.872
0.00040	 1.58e+08	 4.04376125	 3.9538	 4.4006	 3.6330	 0.1125	-6.231	-4.125	-5.488	-6.899
0.00040	 1.58e+08	 4.04419613	 3.9442	 4.4120	 3.6322	 0.0969	-6.260	-4.139	-5.508	-6.927
0.00040	 1.58e+08	 4.04463387	 3.9341	 4.4234	 3.6315	 0.0814	-6.289	-4.154	-5.529	-6.954
0.00040	 1.58e+08	 4.04507494	 3.9235	 4.4337	 3.6308	 0.0671	-6.314	-4.167	-5.547	-6.978
0.00040	 1.58e+08	 4.04562855	 3.9095	 4.4458	 3.6300	 0.0502	-6.344	-4.182	-5.568	-7.007
0.00040	 1.58e+08	 4.04618311	 3.8947	 4.4578	 3.6292	 0.0333	-6.375	-4.198	-5.589	-7.036
0.00040	 1.58e+08	 4.04673910	 3.8792	 4.4698	 3.6283	 0.0163	-6.405	-4.213	-5.610	-7.065
0.00040	 1.58e+08	 4.04729652	 3.8628	 4.4818	 3.6275	-0.0008	-6.435	-4.229	-5.630	-7.093
0.00040	 1.58e+08	 4.04785538	 3.8454	 4.4938	 3.6267	-0.0180	-6.465	-4.248	-5.652	-7.121
0.00040	 1.58e+08	 4.04841614	 3.8272	 4.5058	 3.6259	-0.0353	-6.494	-4.268	-5.673	-7.148
0.00040	 1.58e+08	 4.04897833	 3.8079	 4.5177	 3.6251	-0.0526	-6.524	-4.287	-5.695	-7.175
0.00040	 1.58e+08	 4.04954243	 3.7875	 4.5296	 3.6243	-0.0701	-6.554	-4.307	-5.717	-7.202
0.00040	 1.58e+08	 4.05010843	 3.7659	 4.5414	 3.6235	-0.0877	-6.584	-4.326	-5.738	-7.230
0.00040	 1.58e+08	 4.05067682	 3.7432	 4.5533	 3.6226	-0.1055	-6.613	-4.345	-5.760	-7.257
0.00040	 1.58e+08	 4.05124187	 3.7193	 4.5649	 3.6218	-0.1231	-6.642	-4.364	-5.781	-7.283
0.00040	 1.58e+08	 4.05178213	 3.6953	 4.5760	 3.6211	-0.1401	-6.670	-4.382	-5.801	-7.309
0.00040	 1.58e+08	 4.05229712	 3.6714	 4.5865	 3.6203	-0.1563	-6.696	-4.399	-5.820	-7.333
0.00040	 1.58e+08	 4.05278873	 3.6474	 4.5964	 3.6196	-0.1719	-6.721	-4.415	-5.837	-7.355
0.00040	 1.58e+08	 4.05335093	 3.6186	 4.6077	 3.6188	-0.1898	-6.749	-4.433	-5.858	-7.381
0.00040	 1.58e+08	 4.05388594	 3.5898	 4.6183	 3.6181	-0.2068	-6.776	-4.450	-5.877	-7.405
0.00040	 1.58e+08	 4.05439568	 3.5610	 4.6283	 3.6174	-0.2232	-6.801	-4.466	-5.894	-7.428
0.00040	 1.58e+08	 4.05496168	 3.5274	 4.6392	 3.6166	-0.2414	-6.828	-4.483	-5.914	-7.453
0.00040	 1.58e+08	 4.05549908	 3.4938	 4.6495	 3.6158	-0.2588	-6.854	-4.500	-5.932	-7.476
0.00040	 1.58e+08	 4.05608273	 3.4554	 4.6606	 3.6150	-0.2779	-6.881	-4.517	-5.952	-7.502
0.00040	 1.58e+08	 4.05663633	 3.4170	 4.6709	 3.6143	-0.2960	-6.907	-4.533	-5.970	-7.525
0.00040	 1.58e+08	 4.05722761	 3.3738	 4.6817	 3.6135	-0.3156	-6.934	-4.550	-5.989	-7.550
0.00040	 1.58e+08	 4.05778742	 3.3307	 4.6917	 3.6127	-0.3342	-6.959	-4.566	-6.007	-7.572
0.00040	 1.58e+08	 4.05789709	 3.3219	 4.6937	 3.6126	-0.3379	-6.964	-4.569	-6.010	-7.577
