0.00040	 5.01e+08	 0.15000001	 0.1500	-2.3027	 3.5908	 5.2260	10.527	12.903	11.544	 9.822
0.00040	 5.01e+08	 0.20000000	 0.2000	-2.0064	 3.6159	 5.1549	 9.786	11.774	10.573	 9.099
0.00040	 5.01e+08	 0.25000000	 0.2500	-1.7944	 3.6286	 5.0906	 9.256	11.051	 9.934	 8.564
0.00040	 5.01e+08	 0.30000001	 0.3000	-1.6557	 3.6373	 5.0660	 8.909	10.597	 9.528	 8.220
0.00040	 5.01e+08	 0.34999999	 0.3500	-1.5341	 3.6447	 5.0409	 8.605	10.201	 9.173	 7.920
0.00040	 5.01e+08	 0.40000001	 0.4000	-1.4171	 3.6514	 5.0087	 8.313	 9.824	 8.834	 7.632
0.00040	 5.01e+08	 0.44999999	 0.4500	-1.2785	 3.6597	 4.9547	 7.966	 9.394	 8.440	 7.288
0.00040	 5.01e+08	 0.50000000	 0.5000	-1.1472	 3.6695	 4.9082	 7.638	 8.976	 8.059	 6.962
0.00040	 5.01e+08	 0.60000002	 0.6000	-0.8378	 3.7043	 4.8171	 6.865	 7.909	 7.129	 6.200
0.00040	 5.01e+08	 0.68198121	 0.6820	-0.5815	 3.7384	 4.7531	 6.224	 7.049	 6.407	 5.601
0.00040	 5.01e+08	 0.69999999	 0.7000	-0.5288	 3.7454	 4.7395	 6.092	 6.884	 6.265	 5.482
0.00040	 5.01e+08	 0.71839392	 0.7184	-0.4737	 3.7527	 4.7247	 5.954	 6.715	 6.119	 5.357
0.00040	 5.01e+08	 0.80000001	 0.8000	-0.2472	 3.7830	 4.6662	 5.388	 6.013	 5.523	 4.859
0.00040	 5.01e+08	 0.89999998	 0.8999	 0.0034	 3.8145	 4.5928	 4.762	 5.271	 4.873	 4.308
0.00040	 5.01e+08	 0.99944448	 0.9993	 0.2256	 3.8445	 4.5360	 4.206	 4.629	 4.298	 3.835
0.00040	 5.01e+08	 1.00000000	 0.9999	 0.2268	 3.8446	 4.5357	 4.203	 4.626	 4.295	 3.833
0.00040	 5.01e+08	 1.00581264	 1.0057	 0.2389	 3.8466	 4.5341	 4.173	 4.589	 4.263	 3.808
0.00040	 5.01e+08	 1.10000002	 1.0998	 0.4272	 3.8780	 4.5103	 3.702	 4.026	 3.773	 3.433
0.00040	 5.01e+08	 1.20000005	 1.1998	 0.6068	 3.9170	 4.5241	 3.253	 3.485	 3.325	 3.156
0.00040	 5.01e+08	 1.29999995	 1.2997	 0.7709	 3.9526	 4.5372	 2.843	 3.057	 2.981	 2.915
0.00040	 5.01e+08	 1.35465610	 1.3543	 0.8542	 3.9702	 4.5423	 2.634	 2.866	 2.820	 2.795
0.00040	 5.01e+08	 1.39999998	 1.3996	 0.9215	 3.9843	 4.5457	 2.466	 2.733	 2.705	 2.706
0.00040	 5.01e+08	 1.40393293	 1.4035	 0.9272	 3.9855	 4.5459	 2.452	 2.723	 2.696	 2.699
0.00040	 5.01e+08	 1.50000000	 1.4995	 1.0629	 4.0125	 4.5472	 2.113	 2.468	 2.482	 2.514
0.00040	 5.01e+08	 1.54817367	 1.5476	 1.1297	 4.0251	 4.5443	 1.946	 2.347	 2.378	 2.422
0.00040	 5.01e+08	 1.60000002	 1.5993	 1.2001	 4.0378	 4.5390	 1.770	 2.227	 2.272	 2.328
0.00040	 5.01e+08	 1.63856447	 1.6378	 1.2519	 4.0466	 4.5329	 1.640	 2.137	 2.188	 2.253
0.00040	 5.01e+08	 1.67734861	 1.6765	 1.3038	 4.0554	 4.5263	 1.510	 2.046	 2.102	 2.177
0.00040	 5.01e+08	 1.67933142	 1.6785	 1.3062	 4.0558	 4.5258	 1.505	 2.042	 2.098	 2.173
0.00040	 5.01e+08	 1.70000005	 1.6991	 1.3318	 4.0597	 4.5211	 1.440	 1.995	 2.054	 2.132
0.00040	 5.01e+08	 1.75000000	 1.7490	 1.3948	 4.0689	 4.5077	 1.283	 1.879	 1.947	 2.031
0.00040	 5.01e+08	 1.78302538	 1.7819	 1.4357	 4.0744	 4.4966	 1.181	 1.800	 1.875	 1.962
0.00040	 5.01e+08	 1.79999995	 1.7989	 1.4569	 4.0768	 4.4892	 1.128	 1.758	 1.836	 1.924
0.00040	 5.01e+08	 1.85746765	 1.8562	 1.5272	 4.0840	 4.4612	 0.952	 1.617	 1.700	 1.792
0.00040	 5.01e+08	 1.89999998	 1.8986	 1.5791	 4.0878	 4.4346	 0.822	 1.506	 1.593	 1.686
0.00040	 5.01e+08	 1.91929722	 1.9178	 1.6021	 4.0895	 4.4228	 0.765	 1.457	 1.545	 1.639
0.00040	 5.01e+08	 1.98135960	 1.9796	 1.6765	 4.0926	 4.3744	 0.579	 1.287	 1.377	 1.472
0.00040	 5.01e+08	 2.00000000	 1.9982	 1.6991	 4.0928	 4.3569	 0.522	 1.231	 1.322	 1.417
0.00040	 5.01e+08	 2.03610730	 2.0341	 1.7416	 4.0927	 4.3216	 0.416	 1.124	 1.216	 1.310
0.00040	 5.01e+08	 2.08143973	 2.0792	 1.7960	 4.0903	 4.2673	 0.280	 0.977	 1.068	 1.159
0.00040	 5.01e+08	 2.12066889	 2.1182	 1.8435	 4.0860	 4.2106	 0.161	 0.836	 0.926	 1.014
0.00040	 5.01e+08	 2.15514183	 2.1525	 1.8853	 4.0802	 4.1524	 0.057	 0.703	 0.790	 0.874
0.00040	 5.01e+08	 2.18588305	 2.1830	 1.9244	 4.0735	 4.0925	-0.041	 0.572	 0.656	 0.735
0.00040	 5.01e+08	 2.19985557	 2.1968	 1.9427	 4.0703	 4.0642	-0.087	 0.510	 0.594	 0.670
0.00040	 5.01e+08	 2.20000005	 2.1970	 1.9429	 4.0703	 4.0640	-0.087	 0.510	 0.593	 0.669
0.00040	 5.01e+08	 2.21387625	 2.2107	 1.9616	 4.0687	 4.0417	-0.134	 0.455	 0.538	 0.613
0.00040	 5.01e+08	 2.22100091	 2.2178	 1.9718	 4.0684	 4.0318	-0.159	 0.428	 0.511	 0.586
0.00040	 5.01e+08	 2.23012924	 2.2268	 1.9875	 4.0716	 4.0305	-0.199	 0.404	 0.489	 0.566
0.00040	 5.01e+08	 2.23523498	 2.2319	 2.0007	 4.0785	 4.0458	-0.232	 0.406	 0.494	 0.575
0.00040	 5.01e+08	 2.23869586	 2.2353	 2.0208	 4.0936	 4.0870	-0.282	 0.431	 0.527	 0.617
0.00040	 5.01e+08	 2.23967671	 2.2363	 2.0406	 4.1064	 4.1186	-0.331	 0.444	 0.547	 0.645
0.00040	 5.01e+08	 2.24023890	 2.2368	 2.0693	 4.1204	 4.1459	-0.403	 0.444	 0.555	 0.662
0.00040	 5.01e+08	 2.24030232	 2.2369	 2.0653	 4.1195	 4.1464	-0.393	 0.449	 0.559	 0.666
0.00040	 5.01e+08	 2.24049854	 2.2371	 2.0363	 4.1063	 4.1226	-0.321	 0.454	 0.557	 0.655
0.00040	 5.01e+08	 2.24076152	 2.2373	 2.0520	 4.0918	 4.0490	-0.360	 0.344	 0.440	 0.528
0.00040	 5.01e+08	 2.24116826	 2.2377	 2.0792	 4.0766	 3.9612	-0.428	 0.199	 0.289	 0.367
0.00040	 5.01e+08	 2.24177814	 2.2383	 2.0956	 4.0587	 3.8731	-0.469	 0.067	 0.149	 0.215
0.00040	 5.01e+08	 2.24244118	 2.2390	 2.1043	 4.0421	 3.7982	-0.491	-0.035	 0.039	 0.096
0.00040	 5.01e+08	 2.24325848	 2.2398	 2.1107	 4.0229	 3.7152	-0.507	-0.139	-0.077	-0.035
0.00040	 5.01e+08	 2.24395466	 2.2405	 2.1135	 4.0058	 3.6439	-0.514	-0.223	-0.174	-0.148
0.00040	 5.01e+08	 2.24470425	 2.2412	 2.1153	 3.9858	 3.5623	-0.518	-0.307	-0.273	-0.266
0.00040	 5.01e+08	 2.24496222	 2.2415	 2.1155	 3.9783	 3.5323	-0.519	-0.336	-0.307	-0.307
0.00040	 5.01e+08	 2.24547434	 2.2420	 2.1154	 3.9624	 3.4689	-0.518	-0.379	-0.370	-0.386
0.00040	 5.01e+08	 2.24599290	 2.2425	 2.1142	 3.9442	 3.3974	-0.516	-0.418	-0.428	-0.481
0.00040	 5.01e+08	 2.24651432	 2.2430	 2.1116	 3.9230	 3.3154	-0.509	-0.427	-0.474	-0.567
0.00040	 5.01e+08	 2.24703503	 2.2435	 2.1068	 3.8978	 3.2193	-0.497	-0.392	-0.495	-0.667
0.00040	 5.01e+08	 2.24755692	 2.2440	 2.0992	 3.8671	 3.1041	-0.478	-0.290	-0.477	-0.764
0.00040	 5.01e+08	 2.24781942	 2.2443	 2.0936	 3.8488	 3.0367	-0.464	-0.221	-0.454	-0.813
0.00040	 5.01e+08	 2.24808002	 2.2445	 2.0865	 3.8281	 2.9611	-0.446	-0.087	-0.407	-0.878
0.00040	 5.01e+08	 2.24834228	 2.2448	 2.0774	 3.8063	 2.8828	-0.423	 0.027	-0.360	-0.916
0.00040	 5.01e+08	 2.24860263	 2.2450	 2.0654	 3.7876	 2.8201	-0.393	 0.138	-0.307	-0.931
0.00040	 5.01e+08	 2.24912429	 2.2455	 2.0266	 3.7638	 2.7638	-0.296	 0.354	-0.168	-0.879
0.00040	 5.01e+08	 2.24964571	 2.2460	 1.9832	 3.7472	 2.7412	-0.188	 0.555	-0.028	-0.800
0.00040	 5.01e+08	 2.25027704	 2.2466	 2.0299	 3.7369	 2.6531	-0.305	 0.498	-0.124	-0.935
0.00040	 5.01e+08	 2.25104189	 2.2473	 2.0963	 3.7315	 2.5654	-0.471	 0.365	-0.279	-1.109
0.00040	 5.01e+08	 2.25184441	 2.2481	 2.1543	 3.7283	 2.4945	-0.616	 0.240	-0.417	-1.258
0.00040	 5.01e+08	 2.25268245	 2.2489	 2.2116	 3.7255	 2.4263	-0.759	 0.113	-0.554	-1.405
0.00040	 5.01e+08	 2.25359392	 2.2497	 2.2720	 3.7227	 2.3551	-0.910	-0.021	-0.700	-1.560
0.00040	 5.01e+08	 2.25448084	 2.2505	 2.3293	 3.7201	 2.2875	-1.053	-0.148	-0.838	-1.707
0.00040	 5.01e+08	 2.25546479	 2.2513	 2.3817	 3.7178	 2.2261	-1.184	-0.262	-0.963	-1.842
0.00040	 5.01e+08	 2.25620437	 2.2519	 2.3278	 3.7204	 2.2902	-1.050	-0.146	-0.835	-1.703
0.00040	 5.01e+08	 2.25830913	 2.2538	 2.2721	 3.7232	 2.3577	-0.910	-0.024	-0.701	-1.559
0.00040	 5.01e+08	 2.26509714	 2.2599	 2.2201	 3.7264	 2.4236	-0.780	 0.086	-0.578	-1.425
0.00040	 5.01e+08	 2.27478409	 2.2688	 2.1733	 3.7302	 2.4873	-0.663	 0.180	-0.469	-1.303
0.00040	 5.01e+08	 2.28984046	 2.2827	 2.1447	 3.7366	 2.5443	-0.592	 0.211	-0.413	-1.224
0.00040	 5.01e+08	 2.30294156	 2.2949	 2.1983	 3.7489	 2.5420	-0.726	 0.002	-0.573	-1.338
0.00040	 5.01e+08	 2.30917215	 2.3006	 2.2361	 3.7594	 2.5472	-0.820	-0.154	-0.688	-1.411
0.00040	 5.01e+08	 2.31532931	 2.3063	 2.2680	 3.7721	 2.5673	-0.900	-0.304	-0.795	-1.469
0.00040	 5.01e+08	 2.32067752	 2.3111	 2.2901	 3.7867	 2.6045	-0.955	-0.432	-0.876	-1.499
0.00040	 5.01e+08	 2.32475042	 2.3148	 2.3055	 3.8022	 2.6517	-0.994	-0.540	-0.935	-1.503
0.00040	 5.01e+08	 2.32852721	 2.3183	 2.3192	 3.8184	 2.7037	-1.028	-0.646	-0.989	-1.488
0.00040	 5.01e+08	 2.33265686	 2.3221	 2.3333	 3.8353	 2.7576	-1.063	-0.772	-1.048	-1.466
0.00040	 5.01e+08	 2.33693671	 2.3260	 2.3472	 3.8510	 2.8074	-1.098	-0.887	-1.101	-1.438
0.00040	 5.01e+08	 2.34235835	 2.3310	 2.3632	 3.8668	 2.8557	-1.138	-0.980	-1.150	-1.424
0.00040	 5.01e+08	 2.36845970	 2.3549	 2.4277	 3.8973	 2.9175	-1.299	-1.226	-1.307	-1.465
0.00040	 5.01e+08	 2.38796139	 2.3727	 2.4728	 3.9096	 2.9247	-1.412	-1.358	-1.408	-1.527
0.00040	 5.01e+08	 2.40765381	 2.3904	 2.5141	 3.8915	 2.8146	-1.515	-1.442	-1.531	-1.705
0.00040	 5.01e+08	 2.41241956	 2.3946	 2.5239	 3.8746	 2.7379	-1.540	-1.425	-1.560	-1.796
0.00040	 5.01e+08	 2.41543555	 2.3972	 2.5299	 3.8624	 2.6835	-1.555	-1.402	-1.574	-1.856
0.00040	 5.01e+08	 2.41791272	 2.3994	 2.5346	 3.8521	 2.6378	-1.566	-1.376	-1.579	-1.903
0.00040	 5.01e+08	 2.41961050	 2.4008	 2.5370	 3.8410	 2.5913	-1.572	-1.332	-1.573	-1.950
0.00040	 5.01e+08	 2.42090702	 2.4019	 2.5386	 3.8305	 2.5478	-1.576	-1.279	-1.565	-2.000
0.00040	 5.01e+08	 2.42180467	 2.4027	 2.5381	 3.8083	 2.4597	-1.575	-1.160	-1.532	-2.069
0.00040	 5.01e+08	 2.42277908	 2.4035	 2.5325	 3.7720	 2.3204	-1.561	-0.974	-1.461	-2.135
0.00040	 5.01e+08	 2.42340326	 2.4040	 2.5038	 3.7468	 2.2485	-1.489	-0.759	-1.338	-2.107
0.00040	 5.01e+08	 2.42364597	 2.4041	 2.4549	 3.7340	 2.2460	-1.367	-0.557	-1.187	-2.005
0.00040	 5.01e+08	 2.42375088	 2.4042	 2.4949	 3.7242	 2.1669	-1.467	-0.593	-1.264	-2.118
0.00040	 5.01e+08	 2.42381573	 2.4043	 2.5488	 3.7188	 2.0915	-1.602	-0.690	-1.386	-2.261
0.00040	 5.01e+08	 2.42488241	 2.4050	 2.6736	 3.7112	 1.9363	-1.914	-0.937	-1.674	-2.584
0.00040	 5.01e+08	 2.42522430	 2.4052	 2.7457	 3.7073	 1.8486	-2.094	-1.082	-1.842	-2.769
0.00040	 5.01e+08	 2.42545152	 2.4052	 2.8029	 3.7042	 1.7791	-2.237	-1.198	-1.975	-2.917
0.00040	 5.01e+08	 2.42579460	 2.4053	 2.9005	 3.6991	 1.6611	-2.481	-1.395	-2.201	-3.168
0.00040	 5.01e+08	 2.42618680	 2.4052	 2.9979	 3.6938	 1.5423	-2.725	-1.581	-2.421	-3.414
0.00040	 5.01e+08	 2.42646050	 2.4051	 3.0647	 3.6896	 1.4588	-2.892	-1.701	-2.569	-3.583
0.00040	 5.01e+08	 2.42673016	 2.4048	 3.1365	 3.6859	 1.3720	-3.071	-1.837	-2.732	-3.764
0.00040	 5.01e+08	 2.42697072	 2.4044	 3.2102	 3.6819	 1.2824	-3.256	-1.975	-2.898	-3.950
0.00040	 5.01e+08	 2.42716742	 2.4039	 3.2808	 3.6780	 1.1960	-3.432	-2.104	-3.056	-4.128
0.00040	 5.01e+08	 2.42735004	 2.4032	 3.3551	 3.6738	 1.1049	-3.618	-2.235	-3.220	-4.313
0.00040	 5.01e+08	 2.42749429	 2.4025	 3.4206	 3.6699	 1.0236	-3.782	-2.345	-3.360	-4.475
0.00040	 5.01e+08	 2.42765498	 2.4014	 3.5019	 3.6644	 0.9201	-3.985	-2.465	-3.529	-4.678
0.00040	 5.01e+08	 2.42783356	 2.3996	 3.5939	 3.6588	 0.8055	-4.215	-2.606	-3.722	-4.910
0.00040	 5.01e+08	 2.42793512	 2.3983	 3.6475	 3.6553	 0.7375	-4.349	-2.681	-3.832	-5.046
0.00040	 5.01e+08	 2.42801070	 2.3971	 3.6921	 3.6521	 0.6800	-4.460	-2.740	-3.920	-5.157
0.00040	 5.01e+08	 2.42808604	 2.3956	 3.7527	 3.6481	 0.6030	-4.612	-2.821	-4.037	-5.303
0.00040	 5.01e+08	 2.42818213	 2.3931	 3.8130	 3.6441	 0.5261	-4.763	-2.899	-4.152	-5.446
0.00040	 5.01e+08	 2.42826986	 2.3907	 3.8119	 3.6440	 0.5265	-4.760	-2.895	-4.149	-5.443
0.00040	 5.01e+08	 2.42828369	 2.3903	 3.8397	 3.6421	 0.4912	-4.829	-2.931	-4.201	-5.509
0.00040	 5.01e+08	 2.42829061	 2.3901	 3.8463	 3.6416	 0.4827	-4.846	-2.939	-4.213	-5.524
0.00040	 5.01e+08	 2.42831326	 2.3893	 3.8581	 3.6409	 0.4677	-4.875	-2.954	-4.235	-5.552
0.00040	 5.01e+08	 2.42833591	 2.3885	 3.8698	 3.6401	 0.4526	-4.905	-2.969	-4.257	-5.580
0.00040	 5.01e+08	 2.42835808	 2.3877	 3.8814	 3.6393	 0.4379	-4.934	-2.984	-4.278	-5.607
0.00040	 5.01e+08	 2.42838025	 2.3869	 3.8930	 3.6386	 0.4230	-4.963	-2.999	-4.299	-5.635
0.00040	 5.01e+08	 2.42840242	 2.3860	 3.9046	 3.6378	 0.4082	-4.992	-3.014	-4.320	-5.662
0.00040	 5.01e+08	 2.42842007	 2.3852	 3.9139	 3.6372	 0.3964	-5.015	-3.025	-4.337	-5.684
0.00040	 5.01e+08	 2.42844224	 2.3843	 3.9255	 3.6364	 0.3815	-5.044	-3.040	-4.358	-5.711
0.00040	 5.01e+08	 2.42846441	 2.3833	 3.9371	 3.6356	 0.3666	-5.073	-3.055	-4.380	-5.739
0.00040	 5.01e+08	 2.42848659	 2.3822	 3.9487	 3.6349	 0.3518	-5.102	-3.070	-4.401	-5.766
0.00040	 5.01e+08	 2.42850423	 2.3814	 3.9580	 3.6343	 0.3398	-5.125	-3.082	-4.418	-5.788
0.00040	 5.01e+08	 2.42852640	 2.3802	 3.9698	 3.6335	 0.3248	-5.154	-3.098	-4.439	-5.816
0.00040	 5.01e+08	 2.42854428	 2.3793	 3.9791	 3.6329	 0.3128	-5.178	-3.110	-4.456	-5.838
0.00040	 5.01e+08	 2.42857981	 2.3773	 3.9955	 3.6318	 0.2917	-5.219	-3.131	-4.485	-5.877
0.00040	 5.01e+08	 2.42866898	 2.3717	 4.0340	 3.6292	 0.2420	-5.315	-3.181	-4.554	-5.968
0.00040	 5.01e+08	 2.42875719	 2.3655	 4.0501	 3.6281	 0.2201	-5.355	-3.200	-4.582	-6.007
0.00040	 5.01e+08	 2.42884469	 2.3590	 4.0627	 3.6272	 0.2029	-5.387	-3.217	-4.603	-6.036
0.00040	 5.01e+08	 2.42893124	 2.3523	 4.0753	 3.6264	 0.1856	-5.418	-3.234	-4.624	-6.066
0.00040	 5.01e+08	 2.42901731	 2.3453	 4.0879	 3.6255	 0.1684	-5.450	-3.251	-4.645	-6.095
0.00040	 5.01e+08	 2.42910242	 2.3379	 4.1004	 3.6247	 0.1512	-5.481	-3.268	-4.666	-6.125
0.00040	 5.01e+08	 2.42918682	 2.3303	 4.1128	 3.6238	 0.1340	-5.512	-3.285	-4.687	-6.154
0.00040	 5.01e+08	 2.42927027	 2.3224	 4.1251	 3.6230	 0.1168	-5.543	-3.302	-4.707	-6.183
0.00040	 5.01e+08	 2.42933655	 2.3158	 4.1350	 3.6223	 0.1029	-5.568	-3.316	-4.724	-6.206
0.00040	 5.01e+08	 2.42940235	 2.3089	 4.1451	 3.6216	 0.0889	-5.593	-3.329	-4.740	-6.230
0.00040	 5.01e+08	 2.42946792	 2.3019	 4.1551	 3.6210	 0.0748	-5.618	-3.343	-4.757	-6.253
0.00040	 5.01e+08	 2.42953277	 2.2946	 4.1650	 3.6203	 0.0609	-5.642	-3.356	-4.773	-6.276
0.00040	 5.01e+08	 2.42959714	 2.2870	 4.1748	 3.6196	 0.0469	-5.667	-3.370	-4.789	-6.299
0.00040	 5.01e+08	 2.42966104	 2.2793	 4.1846	 3.6189	 0.0330	-5.691	-3.383	-4.805	-6.322
0.00040	 5.01e+08	 2.42972445	 2.2712	 4.1942	 3.6183	 0.0192	-5.716	-3.396	-4.821	-6.345
0.00040	 5.01e+08	 2.42978764	 2.2628	 4.2038	 3.6176	 0.0053	-5.740	-3.409	-4.836	-6.367
0.00040	 5.01e+08	 2.42985058	 2.2542	 4.2133	 3.6170	-0.0084	-5.763	-3.423	-4.853	-6.389
0.00040	 5.01e+08	 2.42991281	 2.2453	 4.2227	 3.6163	-0.0221	-5.787	-3.439	-4.870	-6.411
0.00040	 5.01e+08	 2.42997503	 2.2360	 4.2320	 3.6157	-0.0358	-5.810	-3.454	-4.887	-6.432
0.00040	 5.01e+08	 2.43003678	 2.2265	 4.2412	 3.6150	-0.0494	-5.833	-3.469	-4.904	-6.453
0.00040	 5.01e+08	 2.43009830	 2.2166	 4.2504	 3.6144	-0.0630	-5.856	-3.483	-4.920	-6.474
0.00040	 5.01e+08	 2.43015957	 2.2063	 4.2593	 3.6138	-0.0765	-5.878	-3.498	-4.936	-6.495
0.00040	 5.01e+08	 2.43022060	 2.1957	 4.2682	 3.6132	-0.0900	-5.901	-3.512	-4.952	-6.515
0.00040	 5.01e+08	 2.43028140	 2.1847	 4.2770	 3.6126	-0.1034	-5.922	-3.526	-4.968	-6.535
0.00040	 5.01e+08	 2.43034196	 2.1733	 4.2856	 3.6120	-0.1167	-5.944	-3.540	-4.984	-6.555
0.00040	 5.01e+08	 2.43040252	 2.1615	 4.2941	 3.6114	-0.1300	-5.965	-3.554	-4.999	-6.574
0.00040	 5.01e+08	 2.43046331	 2.1491	 4.3025	 3.6108	-0.1432	-5.986	-3.567	-5.014	-6.593
0.00040	 5.01e+08	 2.43052340	 2.1365	 4.3107	 3.6102	-0.1563	-6.007	-3.581	-5.029	-6.612
0.00040	 5.01e+08	 2.43058372	 2.1233	 4.3188	 3.6096	-0.1694	-6.027	-3.593	-5.043	-6.630
0.00040	 5.01e+08	 2.43064380	 2.1096	 4.3267	 3.6090	-0.1823	-6.047	-3.606	-5.057	-6.648
0.00040	 5.01e+08	 2.43070436	 2.0955	 4.3344	 3.6085	-0.1952	-6.066	-3.618	-5.071	-6.666
0.00040	 5.01e+08	 2.43076491	 2.0807	 4.3420	 3.6079	-0.2080	-6.085	-3.630	-5.084	-6.683
0.00040	 5.01e+08	 2.43084097	 2.0614	 4.3513	 3.6072	-0.2241	-6.108	-3.645	-5.101	-6.704
0.00040	 5.01e+08	 2.43091726	 2.0412	 4.3605	 3.6066	-0.2403	-6.131	-3.659	-5.117	-6.725
0.00040	 5.01e+08	 2.43099403	 2.0199	 4.3697	 3.6059	-0.2568	-6.154	-3.674	-5.133	-6.746
0.00040	 5.01e+08	 2.43107152	 1.9973	 4.3788	 3.6052	-0.2735	-6.177	-3.688	-5.149	-6.767
0.00040	 5.01e+08	 2.43114948	 1.9735	 4.3879	 3.6045	-0.2906	-6.200	-3.702	-5.165	-6.787
0.00040	 5.01e+08	 2.43122530	 1.9494	 4.3965	 3.6039	-0.3071	-6.221	-3.715	-5.180	-6.807
0.00040	 5.01e+08	 2.43131089	 1.9207	 4.4060	 3.6031	-0.3260	-6.245	-3.729	-5.196	-6.829
0.00040	 5.01e+08	 2.43140507	 1.8874	 4.4162	 3.6023	-0.3470	-6.270	-3.745	-5.214	-6.851
0.00040	 5.01e+08	 2.43149304	 1.8544	 4.4254	 3.6016	-0.3669	-6.294	-3.760	-5.231	-6.873
0.00040	 5.01e+08	 2.43157601	 1.8216	 4.4343	 3.6009	-0.3863	-6.316	-3.776	-5.248	-6.894
0.00040	 5.01e+08	 2.43166494	 1.7786	 4.4432	 3.6001	-0.4087	-6.338	-3.791	-5.265	-6.915
0.00040	 5.01e+08	 2.43175983	 1.7070	 4.4515	 3.5993	-0.4382	-6.359	-3.804	-5.279	-6.935
0.00040	 5.01e+08	 2.43182373	 1.5923	 4.4535	 3.5986	-0.4730	-6.364	-3.804	-5.280	-6.939
0.00040	 5.01e+08	 2.43184853	 1.4790	 4.4504	 3.5983	-0.5033	-6.356	-3.793	-5.269	-6.931
0.00040	 5.01e+08	 2.43185830	 1.3667	 4.4450	 3.5981	-0.5331	-6.343	-3.777	-5.254	-6.917
0.00040	 5.01e+08	 2.43186212	 1.2493	 4.4381	 3.5978	-0.5660	-6.325	-3.758	-5.235	-6.899
0.00040	 5.01e+08	 2.43186426	 1.0892	 4.4316	 3.5977	-0.6198	-6.309	-3.740	-5.218	-6.883
