  73
 132
  76
 114
  80
 126
 123
 128
 101
  69
 137
  93
  76
  96
 111
 107
  88
  77
 106
  81
  80
 104
  72
 117
  66
  95
  82
  96
  72
 102
 122
  94
 105
  83
 114
 122
 138
 124
  99
  78
  86
  87
 126
  85
  81
 107
  99
 148
  69
 106
 115
  57
 131
  78
  96
 107
 111
  77
  80
  53
 160
 101
 113
  95
 103
 115
 117
  87
  76
 130
  74
  68
 143
 111
  81
  69
 136
  85
 117
  91
 113
 131
  89
 101
  93
  86
 126
  56
  72
  95
 108
  49
 104
 100
  76
 121
 132
  97
 121
 110
 129
 112
 101
 103
 138
 102
 101
  73
  89
  83
 106
  78
  85
 118
  98
 103
 101
  73
 111
 102
 141
 122
 156
  93
 108
 102
 139
 111
 103
  79
 123
 110
  91
  88
  72
 126
 113
  91
 108
 112
  73
  93
  83
  61
  79
 127
  63
  72
 104
  82
 118
 109
 115
 111
  99
 128
  97
  78
 114
 120
 141
 104
 106
  63
 136
  78
 132
  98
  79
 114
 114
 115
  89
 104
  91
 104
 100
  77
  58
 142
 116
 120
  93
 105
 124
 151
  84
 119
  77
  85
  68
 114
 114
 101
 119
 116
  73
  98
 134
 107
 127
  96
 101
  99
 141
  85
  80
  66
 124
  76
 101
  91
  78
 117
 108
 122
  91
 122
  49
 112
  71
  92
  99
 127
 123
  93
  80
  82
 115
  73
  90
 102
 133
  93
 103
  85
  97
  76
  95
 102
  50
  69
 127
 182
 117
  99
  80
  85
  96
  90
  79
 110
 117
 103
  96
 125
  70
  96
  94
 104
 118
 102
  92
 107
 135
 141
 108
 119
  76
 119
 153
  94
 121
 117
  74
  93
 105
 110
  83
  93
  94
 108
 106
 101
 111
 120
  87
  91
  77
 103
 141
  69
  66
 131
  75
  66
  80
 106
 147
 115
  68
  89
 102
 129
  69
 126
  82
  83
 102
  74
 106
  94
 135
 110
 106
 101
 105
 108
  84
 104
 148
 118
 117
  78
  70
 126
 124
  91
 112
  70
  88
 124
 124
  77
  77
 113
  98
 133
  96
 101
 111
  99
  73
  68
 123
 127
 155
 100
 117
 118
 121
  67
  84
  71
  94
  62
  77
  80
 102
 114
  82
 101
  59
  97
 108
  74
 137
 136
  86
  58
  66
 122
 116
 138
 148
 121
 110
  96
 105
 139
 148
 100
 102
 111
  70
 113
 125
 105
  81
  97
 130
  95
 119
  55
  94
  83
  89
  76
 104
  88
  58
 113
  82
  92
 132
  79
  66
  90
 114
  73
  47
 119
 115
 101
 109
  60
 148
  79
  99
  66
 107
 122
 113
 129
 118
 124
 102
  95
  98
  63
 101
  94
 119
  90
  69
  89
  94
 130
 113
  90
  75
  85
  81
  70
  94
 115
 120
 102
 119
  87
 114
  83
 102
 128
  58
  77
 113
 100
  93
 135
  79
 104
  95
 132
  73
 101
 106
 159
 110
  92
 124
  94
 133
  77
  90
 108
 106
  93
 114
  82
 128
 104
  99
  89
  93
 136
 100
  94
 147
  98
  72
 109
 102
 103
 133
 104
  72
  92
  98
  75
 124
 122
 116
 101
  88
 103
  93
  92
 105
 109
  74
  90
 108
 109
 112
  92
 114
  82
  99
  62
  98
  85
  95
  95
  69
 112
  93
  88
  91
  77
  91
  78
  97
 119
  76
  97
 118
 102
 123
  98
 102
 112
  78
  55
 120
  95
 114
  94
 103
  97
  71
 106
  97
  97
 132
 113
 142
 110
 136
 101
 108
  67
  90
 121
 141
  60
  73
 104
 111
 117
  81
 127
  69
  84
  40
  96
  73
 104
  91
 105
  75
 108
 104
  90
  91
 132
  96
 113
 132
  78
 128
  89
 133
  80
  90
  86
  78
  75
  74
 119
  80
  75
 128
  97
  77
 114
 111
  78
 143
 142
 120
 130
 108
  92
  86
 145
 101
 103
 118
  88
  93
 110
 112
  90
 101
 154
 103
  97
 113
 119
 138
  25
  78
 138
 103
  84
 108
  73
  78
  70
  99
 107
  84
 105
 114
  88
 107
 104
  77
  85
  76
  65
 118
 112
 109
 145
 117
  72
  82
  84
  71
  88
 107
  64
  87
  74
  93
  77
 156
  92
  92
 124
 100
  96
 107
  45
 109
 118
 125
  80
 100
 136
 110
 108
  79
  95
  90
  83
  82
 117
  75
  99
  83
  98
 100
  85
  88
  97
  91
  87
 114
  99
  90
  96
 110
 112
 116
 114
  89
  71
 111
 136
  61
  79
 100
 111
 108
 106
 100
  84
 119
 149
  98
 116
 133
  97
 115
 103
  59
  72
 126
 113
  88
 102
  69
 132
  64
  74
  84
  37
 117
 143
 121
  70
 106
 114
 101
 103
 136
  86
 113
  99
 100
 130
 126
  93
 138
  60
  86
 101
  86
 112
 133
 114
 105
  99
 113
  93
 118
  46
  79
  97
 110
 117
 142
 112
  95
  97
  77
 109
  79
 127
  79
  91
 135
 132
 104
 106
  91
 121
 125
  92
  72
  90
  98
  96
 108
  85
 108
 140
 144
  98
  79
 103
 118
  68
  99
  66
 115
  70
  60
 161
  98
 105
  79
  94
  86
 139
 125
 121
 130
 116
 114
  98
 139
  65
  93
 105
  92
 110
  92
  70
  66
  93
  95
 142
  92
  94
  46
  90
  95
  96
  81
 148
  78
  88
  87
  90
  90
 127
 115
 107
  91
 102
 109
  89
 112
 119
 101
 110
 131
 133
 103
  97
  82
 151
  89
  92
 129
  88
 131
 140
  74
 137
 124
  87
  96
 101
  82
 113
 130
  52
  96
  90
  94
  90
 112
 139
  77
  83
  79
  75
  86
 113
  72
 136
 136
 153
 108
  68
 122
  72
  66
  96
  81
  71
 102
 108
  97
 133
 126
 114
 101
  73
 100
 105
 120
  56
 105
 107
  80
  85
  75
 101
  69
 117
 124
 110
  87
 100
 124
 112
  93
 143
  71
 125
 105
  81
  99
  60
  64
 114
 119
 137
 127
  86
  97
 135
  75
 105
 123
 110
  98
  83
  83
  85
 113
 100
 120
 107
 106
  76
  64
 109
 124
  95
 108
  85
  56
  70
  86
 104
  88
  97
  87
 127
  91
 122
 134
  85
  69
  68
  77
  73
  83
  75
  90
  73
  90
 109
  78
 145
 128
 106
 101
 106
 146
 110
 128
  76
